  0  2.848800E-04  0.000000E+00
  1  1.536050E-03  0.000000E+00
  2  2.949490E-03  0.000000E+00
  3  2.489440E-03  0.000000E+00
  4 -4.973920E-04  0.000000E+00
  5 -2.781110E-03  0.000000E+00
  6 -7.998090E-04  0.000000E+00
  7  3.180050E-03  0.000000E+00
  8  2.682810E-03  0.000000E+00
  9 -2.883420E-03  0.000000E+00
 10 -5.038230E-03  0.000000E+00
 11  1.324590E-03  0.000000E+00
 12  7.318910E-03  0.000000E+00
 13  1.807850E-03  0.000000E+00
 14 -8.722530E-03  0.000000E+00
 15 -6.494920E-03  0.000000E+00
 16  8.293800E-03  0.000000E+00
 17  1.229010E-02  0.000000E+00
 18 -5.073340E-03  0.000000E+00
 19 -1.828340E-02  0.000000E+00
 20 -1.772640E-03  0.000000E+00
 21  2.310330E-02  0.000000E+00
 22  1.290410E-02  0.000000E+00
 23 -2.489400E-02  0.000000E+00
 24 -2.899090E-02  0.000000E+00
 25  2.103290E-02  0.000000E+00
 26  5.161560E-02  0.000000E+00
 27 -6.542380E-03  0.000000E+00
 28 -8.738120E-02  0.000000E+00
 29 -3.620340E-02  0.000000E+00
 30  1.842230E-01  0.000000E+00
 31  3.993210E-01  0.000000E+00
 32  3.993210E-01  0.000000E+00
 33  1.842230E-01  0.000000E+00
 34 -3.620340E-02  0.000000E+00
 35 -8.738120E-02  0.000000E+00
 36 -6.542380E-03  0.000000E+00
 37  5.161560E-02  0.000000E+00
 38  2.103290E-02  0.000000E+00
 39 -2.899090E-02  0.000000E+00
 40 -2.489400E-02  0.000000E+00
 41  1.290410E-02  0.000000E+00
 42  2.310330E-02  0.000000E+00
 43 -1.772640E-03  0.000000E+00
 44 -1.828340E-02  0.000000E+00
 45 -5.073340E-03  0.000000E+00
 46  1.229010E-02  0.000000E+00
 47  8.293800E-03  0.000000E+00
 48 -6.494920E-03  0.000000E+00
 49 -8.722530E-03  0.000000E+00
 50  1.807850E-03  0.000000E+00
 51  7.318910E-03  0.000000E+00
 52  1.324590E-03  0.000000E+00
 53 -5.038230E-03  0.000000E+00
 54 -2.883420E-03  0.000000E+00
 55  2.682810E-03  0.000000E+00
 56  3.180050E-03  0.000000E+00
 57 -7.998090E-04  0.000000E+00
 58 -2.781110E-03  0.000000E+00
 59 -4.973920E-04  0.000000E+00
 60  2.489440E-03  0.000000E+00
 61  2.949490E-03  0.000000E+00
 62  1.536050E-03  0.000000E+00
 63  2.848800E-04  0.000000E+00
