  0  3.265630E-07  0.000000E+00
  1  6.332600E-07  0.000000E+00
  2  5.808180E-07  0.000000E+00
  3 -1.015650E-06  0.000000E+00
  4 -6.334600E-06  0.000000E+00
  5 -1.877200E-05  0.000000E+00
  6 -4.285240E-05  0.000000E+00
  7 -8.369330E-05  0.000000E+00
  8 -1.459320E-04  0.000000E+00
  9 -2.321610E-04  0.000000E+00
 10 -3.411130E-04  0.000000E+00
 11 -4.660180E-04  0.000000E+00
 12 -5.936960E-04  0.000000E+00
 13 -7.049790E-04  0.000000E+00
 14 -7.768500E-04  0.000000E+00
 15 -7.863720E-04  0.000000E+00
 16 -7.159680E-04  0.000000E+00
 17 -5.590590E-04  0.000000E+00
 18 -3.246940E-04  0.000000E+00
 19 -3.962100E-05  0.000000E+00
 20  2.534430E-04  0.000000E+00
 21  5.019290E-04  0.000000E+00
 22  6.534070E-04  0.000000E+00
 23  6.678060E-04  0.000000E+00
 24  5.291630E-04  0.000000E+00
 25  2.537510E-04  0.000000E+00
 26 -1.083070E-04  0.000000E+00
 27 -4.796720E-04  0.000000E+00
 28 -7.705240E-04  0.000000E+00
 29 -8.990360E-04  0.000000E+00
 30 -8.132150E-04  0.000000E+00
 31 -5.085370E-04  0.000000E+00
 32 -3.599070E-05  0.000000E+00
 33  5.032280E-04  0.000000E+00
 34  9.770890E-04  0.000000E+00
 35  1.253190E-03  0.000000E+00
 36  1.233750E-03  0.000000E+00
 37  8.864150E-04  0.000000E+00
 38  2.618130E-04  0.000000E+00
 39 -5.088430E-04  0.000000E+00
 40 -1.238280E-03  0.000000E+00
 41 -1.726260E-03  0.000000E+00
 42 -1.812070E-03  0.000000E+00
 43 -1.423180E-03  0.000000E+00
 44 -6.062670E-04  0.000000E+00
 45  4.703000E-04  0.000000E+00
 46  1.547020E-03  0.000000E+00
 47  2.332680E-03  0.000000E+00
 48  2.579970E-03  0.000000E+00
 49  2.158500E-03  0.000000E+00
 50  1.104630E-03  0.000000E+00
 51 -3.684530E-04  0.000000E+00
 52 -1.908080E-03  0.000000E+00
 53 -3.102410E-03  0.000000E+00
 54 -3.586470E-03  0.000000E+00
 55 -3.147900E-03  0.000000E+00
 56 -1.802840E-03  0.000000E+00
 57  1.822360E-04  0.000000E+00
 58  2.335340E-03  0.000000E+00
 59  4.085450E-03  0.000000E+00
 60  4.908380E-03  0.000000E+00
 61  4.476300E-03  0.000000E+00
 62  2.769810E-03  0.000000E+00
 63  1.175900E-04  0.000000E+00
 64 -2.855320E-03  0.000000E+00
 65 -5.366680E-03  0.000000E+00
 66 -6.674750E-03  0.000000E+00
 67 -6.286750E-03  0.000000E+00
 68 -4.121910E-03  0.000000E+00
 69 -5.794070E-04  0.000000E+00
 70  3.517860E-03  0.000000E+00
 71  7.101790E-03  0.000000E+00
 72  9.124500E-03  0.000000E+00
 73  8.847880E-03  0.000000E+00
 74  6.081020E-03  0.000000E+00
 75  1.295500E-03  0.000000E+00
 76 -4.426290E-03  0.000000E+00
 77 -9.614280E-03  0.000000E+00
 78 -1.276450E-02  0.000000E+00
 79 -1.274370E-02  0.000000E+00
 80 -9.142350E-03  0.000000E+00
 81 -2.476940E-03  0.000000E+00
 82  5.828610E-03  0.000000E+00
 83  1.370380E-02  0.000000E+00
 84  1.889470E-02  0.000000E+00
 85  1.953450E-02  0.000000E+00
 86  1.468990E-02  0.000000E+00
 87  4.744220E-03  0.000000E+00
 88 -8.493510E-03  0.000000E+00
 89 -2.201000E-02  0.000000E+00
 90 -3.211940E-02  0.000000E+00
 91 -3.521070E-02  0.000000E+00
 92 -2.855840E-02  0.000000E+00
 93 -1.101780E-02  0.000000E+00
 94  1.655980E-02  0.000000E+00
 95  5.130190E-02  0.000000E+00
 96  8.870940E-02  0.000000E+00
 97  1.234090E-01  0.000000E+00
 98  1.501200E-01  0.000000E+00
 99  1.646390E-01  0.000000E+00
100  1.646390E-01  0.000000E+00
101  1.501200E-01  0.000000E+00
102  1.234090E-01  0.000000E+00
103  8.870940E-02  0.000000E+00
104  5.130190E-02  0.000000E+00
105  1.655980E-02  0.000000E+00
106 -1.101780E-02  0.000000E+00
107 -2.855840E-02  0.000000E+00
108 -3.521070E-02  0.000000E+00
109 -3.211940E-02  0.000000E+00
110 -2.201000E-02  0.000000E+00
111 -8.493510E-03  0.000000E+00
112  4.744220E-03  0.000000E+00
113  1.468990E-02  0.000000E+00
114  1.953450E-02  0.000000E+00
115  1.889470E-02  0.000000E+00
116  1.370380E-02  0.000000E+00
117  5.828610E-03  0.000000E+00
118 -2.476940E-03  0.000000E+00
119 -9.142350E-03  0.000000E+00
120 -1.274370E-02  0.000000E+00
121 -1.276450E-02  0.000000E+00
122 -9.614280E-03  0.000000E+00
123 -4.426290E-03  0.000000E+00
124  1.295500E-03  0.000000E+00
125  6.081020E-03  0.000000E+00
126  8.847880E-03  0.000000E+00
127  9.124500E-03  0.000000E+00
128  7.101790E-03  0.000000E+00
129  3.517860E-03  0.000000E+00
130 -5.794070E-04  0.000000E+00
131 -4.121910E-03  0.000000E+00
132 -6.286750E-03  0.000000E+00
133 -6.674750E-03  0.000000E+00
134 -5.366680E-03  0.000000E+00
135 -2.855320E-03  0.000000E+00
136  1.175900E-04  0.000000E+00
137  2.769810E-03  0.000000E+00
138  4.476300E-03  0.000000E+00
139  4.908380E-03  0.000000E+00
140  4.085450E-03  0.000000E+00
141  2.335340E-03  0.000000E+00
142  1.822360E-04  0.000000E+00
143 -1.802840E-03  0.000000E+00
144 -3.147900E-03  0.000000E+00
145 -3.586470E-03  0.000000E+00
146 -3.102410E-03  0.000000E+00
147 -1.908080E-03  0.000000E+00
148 -3.684530E-04  0.000000E+00
149  1.104630E-03  0.000000E+00
150  2.158500E-03  0.000000E+00
151  2.579970E-03  0.000000E+00
152  2.332680E-03  0.000000E+00
153  1.547020E-03  0.000000E+00
154  4.703000E-04  0.000000E+00
155 -6.062670E-04  0.000000E+00
156 -1.423180E-03  0.000000E+00
157 -1.812070E-03  0.000000E+00
158 -1.726260E-03  0.000000E+00
159 -1.238280E-03  0.000000E+00
160 -5.088430E-04  0.000000E+00
161  2.618130E-04  0.000000E+00
162  8.864150E-04  0.000000E+00
163  1.233750E-03  0.000000E+00
164  1.253190E-03  0.000000E+00
165  9.770890E-04  0.000000E+00
166  5.032280E-04  0.000000E+00
167 -3.599070E-05  0.000000E+00
168 -5.085370E-04  0.000000E+00
169 -8.132150E-04  0.000000E+00
170 -8.990360E-04  0.000000E+00
171 -7.705240E-04  0.000000E+00
172 -4.796720E-04  0.000000E+00
173 -1.083070E-04  0.000000E+00
174  2.537510E-04  0.000000E+00
175  5.291630E-04  0.000000E+00
176  6.678060E-04  0.000000E+00
177  6.534070E-04  0.000000E+00
178  5.019290E-04  0.000000E+00
179  2.534430E-04  0.000000E+00
180 -3.962100E-05  0.000000E+00
181 -3.246940E-04  0.000000E+00
182 -5.590590E-04  0.000000E+00
183 -7.159680E-04  0.000000E+00
184 -7.863720E-04  0.000000E+00
185 -7.768500E-04  0.000000E+00
186 -7.049790E-04  0.000000E+00
187 -5.936960E-04  0.000000E+00
188 -4.660180E-04  0.000000E+00
189 -3.411130E-04  0.000000E+00
190 -2.321610E-04  0.000000E+00
191 -1.459320E-04  0.000000E+00
192 -8.369330E-05  0.000000E+00
193 -4.285240E-05  0.000000E+00
194 -1.877200E-05  0.000000E+00
195 -6.334600E-06  0.000000E+00
196 -1.015650E-06  0.000000E+00
197  5.808180E-07  0.000000E+00
198  6.332600E-07  0.000000E+00
199  3.265630E-07  0.000000E+00
