  0 -1.097070E-03  0.000000E+00
  1 -9.933270E-04  0.000000E+00
  2 -1.333160E-03  0.000000E+00
  3 -1.705260E-03  0.000000E+00
  4 -2.053840E-03  0.000000E+00
  5 -2.350650E-03  0.000000E+00
  6 -2.571560E-03  0.000000E+00
  7 -2.693730E-03  0.000000E+00
  8 -2.693370E-03  0.000000E+00
  9 -2.547090E-03  0.000000E+00
 10 -2.231150E-03  0.000000E+00
 11 -1.723010E-03  0.000000E+00
 12 -9.992700E-04  0.000000E+00
 13 -3.465620E-05  0.000000E+00
 14  1.219800E-03  0.000000E+00
 15  3.113830E-03  0.000000E+00
 16  6.897550E-03  0.000000E+00
 17  8.967120E-03  0.000000E+00
 18  1.235980E-02  0.000000E+00
 19  1.607480E-02  0.000000E+00
 20  1.996820E-02  0.000000E+00
 21  2.396320E-02  0.000000E+00
 22  2.799160E-02  0.000000E+00
 23  3.198780E-02  0.000000E+00
 24  3.588410E-02  0.000000E+00
 25  3.961350E-02  0.000000E+00
 26  4.310820E-02  0.000000E+00
 27  4.630320E-02  0.000000E+00
 28  4.913140E-02  0.000000E+00
 29  5.151840E-02  0.000000E+00
 30  5.332610E-02  0.000000E+00
 31  5.359840E-02  0.000000E+00
 32  5.359840E-02  0.000000E+00
 33  5.332610E-02  0.000000E+00
 34  5.151840E-02  0.000000E+00
 35  4.913140E-02  0.000000E+00
 36  4.630320E-02  0.000000E+00
 37  4.310820E-02  0.000000E+00
 38  3.961350E-02  0.000000E+00
 39  3.588410E-02  0.000000E+00
 40  3.198780E-02  0.000000E+00
 41  2.799160E-02  0.000000E+00
 42  2.396320E-02  0.000000E+00
 43  1.996820E-02  0.000000E+00
 44  1.607480E-02  0.000000E+00
 45  1.235980E-02  0.000000E+00
 46  8.967120E-03  0.000000E+00
 47  6.897550E-03  0.000000E+00
 48  3.113830E-03  0.000000E+00
 49  1.219800E-03  0.000000E+00
 50 -3.465620E-05  0.000000E+00
 51 -9.992700E-04  0.000000E+00
 52 -1.723010E-03  0.000000E+00
 53 -2.231150E-03  0.000000E+00
 54 -2.547090E-03  0.000000E+00
 55 -2.693370E-03  0.000000E+00
 56 -2.693730E-03  0.000000E+00
 57 -2.571560E-03  0.000000E+00
 58 -2.350650E-03  0.000000E+00
 59 -2.053840E-03  0.000000E+00
 60 -1.705260E-03  0.000000E+00
 61 -1.333160E-03  0.000000E+00
 62 -9.933270E-04  0.000000E+00
 63 -1.097070E-03  0.000000E+00
