 0 0.0000000000000000e+000 0.0
 1 0.0000000000000000e+000 0.0
 2 0.0000000000000000e+000 0.0
 3 0.0000000000000000e+000 0.0
 4 0.0000000000000000e+000 0.0
 5 0.0000000000000000e+000 0.0
 6 0.0000000000000000e+000 0.0
 7 0.0000000000000000e+000 0.0
 8 0.0000000000000000e+000 0.0
 9 2.9851296958254331e-008 0.0
10 2.9851296958254331e-008 0.0
11 2.9851296958254331e-008 0.0
12 0.0000000000000000e+000 0.0
13 -2.9851296958254331e-008 0.0
14 -5.9702593916508662e-008 0.0
15 -5.9702593916508662e-008 0.0
16 -5.9702593916508662e-008 0.0
17 -2.9851296958254331e-008 0.0
18 0.0000000000000000e+000 0.0
19 5.9702593916508662e-008 0.0
20 1.1940518783301732e-007 0.0
21 1.1940518783301732e-007 0.0
22 1.1940518783301732e-007 0.0
23 2.9851296958254331e-008 0.0
24 -5.9702593916508662e-008 0.0
25 -1.4925648479127166e-007 0.0
26 -2.0895907870778034e-007 0.0
27 -2.0895907870778034e-007 0.0
28 -1.1940518783301732e-007 0.0
29 0.0000000000000000e+000 0.0
30 1.4925648479127166e-007 0.0
31 2.6866167262428901e-007 0.0
32 2.9851296958254332e-007 0.0
33 2.3881037566603465e-007 0.0
34 8.9553890874763000e-008 0.0
35 -8.9553890874763000e-008 0.0
36 -2.9851296958254332e-007 0.0
37 -4.1791815741556067e-007 0.0
38 -4.1791815741556067e-007 0.0
39 -2.6866167262428901e-007 0.0
40 -2.9851296958254331e-008 0.0
41 2.6866167262428901e-007 0.0
42 4.7762075133206930e-007 0.0
43 5.6717464220683239e-007 0.0
44 4.7762075133206930e-007 0.0
45 2.0895907870778034e-007 0.0
46 -1.1940518783301732e-007 0.0
47 -4.7762075133206930e-007 0.0
48 -6.8657983003984974e-007 0.0
49 -7.1643112699810400e-007 0.0
50 -4.7762075133206930e-007 0.0
51 -8.9553890874763000e-008 0.0
52 3.5821556349905200e-007 0.0
53 7.4628242395635836e-007 0.0
54 9.2539020570588434e-007 0.0
55 8.0598501787286698e-007 0.0
56 4.1791815741556067e-007 0.0
57 -1.1940518783301732e-007 0.0
58 -6.8657983003984974e-007 0.0
59 -1.0447953935389017e-006 0.0
60 -1.1044979874554104e-006 0.0
61 -8.3583631483112135e-007 0.0
62 -2.3881037566603465e-007 0.0
63 4.4776945437381504e-007 0.0
64 1.0447953935389017e-006 0.0
65 1.3731596600796995e-006 0.0
66 1.2537544722466820e-006 0.0
67 7.1643112699810400e-007 0.0
68 -5.9702593916508662e-008 0.0
69 -8.9553890874763008e-007 0.0
70 -1.4925648479127167e-006 0.0
71 -1.6418213327039883e-006 0.0
72 -1.2836057692049364e-006 0.0
73 -4.7762075133206930e-007 0.0
74 5.0747204829032366e-007 0.0
75 1.4030109570379536e-006 0.0
76 1.9104830053282772e-006 0.0
77 1.8209291144535143e-006 0.0
78 1.1642005813719191e-006 0.0
79 8.9553890874763000e-008 0.0
80 -1.0746466904971561e-006 0.0
81 -1.9701855992447859e-006 0.0
82 -2.2985498657855837e-006 0.0
83 -1.9104830053282772e-006 0.0
84 -8.6568761178937571e-007 0.0
85 4.7762075133206930e-007 0.0
86 1.7612265205370058e-006 0.0
87 2.5672115384098728e-006 0.0
88 2.5672115384098728e-006 0.0
89 1.7910778174952602e-006 0.0
90 3.5821556349905200e-007 0.0
91 -1.2239031752884277e-006 0.0
92 -2.5373602414516186e-006 0.0
93 -3.1045348836584509e-006 0.0
94 -2.7164680232011444e-006 0.0
95 -1.4328622539962080e-006 0.0
96 3.5821556349905200e-007 0.0
97 2.1194420840360579e-006 0.0
98 3.3134939623662312e-006 0.0
99 3.5224530410740116e-006 0.0
100 2.5970628353681269e-006 0.0
101 8.3583631483112135e-007 0.0
102 -1.3134570661631908e-006 0.0
103 -3.1343861806167051e-006 0.0
104 -4.0597763863225893e-006 0.0
105 -3.7612634167400461e-006 0.0
106 -2.2388472718690750e-006 0.0
107 5.9702593916508662e-008 0.0
108 2.4776576475351099e-006 0.0
109 4.2090328711138609e-006 0.0
110 4.6866536224459307e-006 0.0
111 3.7015608228235373e-006 0.0
112 1.5224161448709711e-006 0.0
113 -1.2537544722466820e-006 0.0
114 -3.7612634167400461e-006 0.0
115 -5.2239769676945089e-006 0.0
116 -5.0747204829032372e-006 0.0
117 -3.3134939623662312e-006 0.0
118 -4.4776945437381504e-007 0.0
119 2.7164680232011444e-006 0.0
120 5.1642743737779997e-006 0.0
121 6.0896645794838844e-006 0.0
122 5.1344230768197456e-006 0.0
123 2.5075089444933640e-006 0.0
124 -1.0149440965806473e-006 0.0
125 -4.4179919498216417e-006 0.0
126 -6.5672853308159533e-006 0.0
127 -6.7165418156072249e-006 0.0
128 -4.7762075133206932e-006 0.0
129 -1.2239031752884277e-006 0.0
130 2.8657245079924160e-006 0.0
131 6.2389210642751560e-006 0.0
132 7.7911885061043812e-006 0.0
133 6.9553521912732599e-006 0.0
134 3.8806686045730635e-006 0.0
135 -5.3732334524857803e-007 0.0
136 -5.0150178889867281e-006 0.0
137 -8.1195527726451786e-006 0.0
138 -8.7762813057267750e-006 0.0
139 -6.6866905186489708e-006 0.0
140 -2.3881037566603466e-006 0.0
141 2.8358732110341618e-006 0.0
142 7.4031216456470747e-006 0.0
143 9.8509279962239296e-006 0.0
144 9.2837533540170973e-006 0.0
145 5.7613003129430861e-006 0.0
146 2.6866167262428901e-007 0.0
147 -5.5523412342353062e-006 0.0
148 -9.8807792931821854e-006 0.0
149 -1.1253938953261883e-005 0.0
150 -9.1344968692258265e-006 0.0
151 -4.0597763863225893e-006 0.0
152 2.5672115384098728e-006 0.0
153 8.6270248209355026e-006 0.0
154 1.2239031752884277e-005 0.0
155 1.2149477862009515e-005 0.0
156 8.2091066635199427e-006 0.0
157 1.4925648479127167e-006 0.0
158 -5.9702593916508669e-006 0.0
159 -1.1880816189385225e-005 0.0
160 -1.4298771243003825e-005 0.0
161 -1.2268883049842531e-005 0.0
162 -6.2687723612334101e-006 0.0
163 1.9403343022865318e-006 0.0
164 9.9106305901404396e-006 0.0
165 1.5074904963918438e-005 0.0
166 1.5701782200041779e-005 0.0
167 1.1373344141094902e-005 0.0
168 3.2537913684497225e-006 0.0
169 -6.2389210642751560e-006 0.0
170 -1.4149514758212555e-005 0.0
171 -1.7910778174952600e-005 0.0
172 -1.6179402951373849e-005 0.0
173 -9.2539020570588431e-006 0.0
174 9.2539020570588434e-007 0.0
175 1.1224087656303629e-005 0.0
176 1.8388398926284670e-005 0.0
177 2.0030220258988660e-005 0.0
178 1.5403269230459238e-005 0.0
179 5.7015977190265778e-006 0.0
180 -6.2090697673169018e-006 0.0
181 -1.6657023702705919e-005 0.0
182 -2.2269067530857733e-005 0.0
183 -2.1045164355569304e-005 0.0
184 -1.3074868067715398e-005 0.0
185 -6.5672853308159538e-007 0.0
186 1.2477842128550312e-005 0.0
187 2.2209364936941225e-005 0.0
188 2.5313899820599677e-005 0.0
189 2.0477989713362474e-005 0.0
190 8.9553890874762999e-006 0.0
191 -5.8508542038178494e-006 0.0
192 -1.9433194319823570e-005 0.0
193 -2.7403490607677478e-005 0.0
194 -2.6985572450261920e-005 0.0
195 -1.8000332065827364e-005 0.0
196 -2.9254271019089247e-006 0.0
197 1.3701745303838739e-005 0.0
198 2.6627356886762867e-005 0.0
199 3.1642374775749591e-005 0.0
200 2.6776613371554139e-005 0.0
201 1.3224124552506671e-005 0.0
202 -5.0747204829032372e-006 0.0
203 -2.2478026609565514e-005 0.0
204 -3.3463303890203110e-005 0.0
205 -3.4239437611117721e-005 0.0
206 -2.4149699239227757e-005 0.0
207 -6.0001106886091211e-006 0.0
208 1.4776391994335895e-005 0.0
209 3.1702077369666103e-005 0.0
210 3.9194752906187941e-005 0.0
211 3.4508099283742010e-005 0.0
212 1.8686911895867215e-005 0.0
213 -3.7015608228235373e-006 0.0
214 -2.5821371868889999e-005 0.0
215 -4.0567912566267642e-005 0.0
216 -4.2985867619886244e-005 0.0
217 -3.1821482557499120e-005 0.0
218 -1.0089738371889964e-005 0.0
219 1.5671930903083527e-005 0.0
220 3.7463377682609190e-005 0.0
221 4.8150141993664241e-005 0.0
222 4.3941109122550383e-005 0.0
223 2.5552710196265710e-005 0.0
224 -1.6716726296622427e-006 0.0
225 -2.9403527503880518e-005 0.0
226 -4.8836721823704091e-005 0.0
227 -5.3433821555275261e-005 0.0
228 -4.1194789802390981e-005 0.0
229 -1.5373417933500982e-005 0.0
230 1.6328659436165121e-005 0.0
231 4.4030663013425144e-005 0.0
232 5.8747352413844531e-005 0.0
233 5.5284601966687029e-005 0.0
234 3.4090181126326449e-005 0.0
235 1.2239031752884277e-006 0.0
236 -3.3254344811495326e-005 0.0
237 -5.8418988147303730e-005 0.0
238 -6.5881812386867319e-005 0.0
239 -5.2627836537402394e-005 0.0
240 -2.2089959749108208e-005 0.0
241 1.6597321108789410e-005 0.0
242 5.1433784659072221e-005 0.0
243 7.1135640651520077e-005 0.0
244 6.8866942082692755e-005 0.0
245 4.4538135061715466e-005 0.0
246 5.1344230768197456e-006 0.0
247 -3.7373823791734429e-005 0.0
248 -6.9463968021857831e-005 0.0
249 -8.0568650490328450e-005 0.0
250 -6.6389284435157641e-005 0.0
251 -3.0478174194377674e-005 0.0
252 1.6448064623998138e-005 0.0
253 5.9792147807383431e-005 0.0
254 8.5613519676273431e-005 0.0
255 8.5016493737108341e-005 0.0
256 5.7254787565931813e-005 0.0
257 1.0238994856681237e-005 0.0
258 -4.1702261850681303e-005 0.0
259 -8.2180620526074185e-005 0.0
260 -9.7852551429157704e-005 0.0
261 -8.2807497762197517e-005 0.0
262 -4.0776871644975419e-005 0.0
263 1.5731633497000035e-005 0.0
264 6.9165455052275286e-005 0.0
265 1.0238994856681236e-004 0.0
266 1.0406162119647461e-004 0.0
267 7.2538651608558034e-005 0.0
268 1.6776428890538935e-005 0.0
269 -4.6299361582252473e-005 0.0
270 -9.6718202144744050e-005 0.0
271 -1.1800217687597938e-004 0.0
272 -1.0227054337897935e-004 0.0
273 -5.3344267664400494e-005 0.0
274 1.4298771243003825e-005 0.0
275 7.9673111581580816e-005 0.0
276 1.2179329158967769e-004 0.0
277 1.2639039132124886e-004 0.0
278 9.0777794050051435e-005 0.0
279 2.4925832960142368e-005 0.0
280 -5.1105420392531421e-005 0.0
281 -1.1331552325353345e-004 0.0
282 -1.4140559369125078e-004 0.0
283 -1.2519633944291868e-004 0.0
284 -6.8449023925277186e-005 0.0
285 1.2089775268093006e-005 0.0
286 9.1374819989216511e-005 0.0
287 1.4409221041749367e-004 0.0
288 1.5245057356580490e-004 0.0
289 1.1233043045391106e-004 0.0
290 3.4985720035074077e-005 0.0
291 -5.6060735687601640e-005 0.0
292 -1.3215169163419195e-004 0.0
293 -1.6845086873542922e-004 0.0
294 -1.5203265540838931e-004 0.0
295 -8.6449355991104554e-005 0.0
296 8.8658351966015375e-006 0.0
297 1.0441983675997367e-004 0.0
298 1.6964492061375937e-004 0.0
299 1.8266008608755827e-004 0.0
300 1.3767418157146900e-004 0.0
301 4.7224751787958357e-005 0.0
302 -6.1225010061379638e-005 0.0
303 -1.5349536895934378e-004 0.0
304 -1.9958577146288848e-004 0.0
305 -1.8325711202672336e-004 0.0
306 -1.0779303331625640e-004 0.0
307 4.5373971376546591e-006 0.0
308 1.1889771578472702e-004 0.0
309 1.9880963774197385e-004 0.0
310 2.1755625223175758e-004 0.0
311 1.6728666815405728e-004 0.0
312 6.1911589891419495e-005 0.0
313 -6.6508689622990651e-005 0.0
314 -1.7758536560465505e-004 0.0
315 -2.3525807132800241e-004 0.0
316 -2.1940703264316936e-004 0.0
317 -1.3283827146423179e-004 0.0
318 -1.1343492844136648e-006 0.0
319 1.3495771354826784e-004 0.0
320 2.3197442866259443e-004 0.0
321 2.5767639534365140e-004 0.0
322 2.0167536224996628e-004 0.0
323 7.9434301205914782e-005 0.0
324 -7.1881923075476433e-005 0.0
325 -2.0475004583666648e-004 0.0
326 -2.7600509167601960e-004 0.0
327 -2.6104959189993414e-004 0.0
328 -1.6209254248332103e-004 0.0
329 -8.2986605543947052e-006 0.0
330 1.5268938394147092e-004 0.0
331 2.6958706282999490e-004 0.0
332 3.0358769006544659e-004 0.0
333 2.4140743850140279e-004 0.0
334 1.0012124999798504e-004 0.0
335 -7.7374561715795237e-005 0.0
336 -2.3522822003104414e-004 0.0
337 -3.2239400714914682e-004 0.0
338 4.4478432467798958e-006 0.0
339 -1.9606331842181448e-004 0.0
340 -1.7194347047954497e-005 0.0
341 1.7233153734000226e-004 0.0
342 3.1212516099550730e-004 0.0
343 3.5597671622718296e-004 0.0
344 2.8710977414449018e-004 0.0
345 1.2436050312808757e-004 0.0
346 -8.2867200356114028e-005 0.0
347 -2.6946765764216188e-004 0.0
348 -3.7505169498350748e-004 0.0
349 -3.6352909435762129e-004 0.0
350 -2.3528792262496066e-004 0.0
351 -2.8060219140759073e-005 0.0
352 1.9397372763473668e-004 0.0
353 3.6012604650438026e-004 0.0
354 4.1558975625281683e-004 0.0
355 3.3952865160318479e-004 0.0
356 1.5259983005059616e-004 0.0
357 -8.8389690293391089e-005 0.0
358 -3.0776687163960219e-004 0.0
359 -4.3466473500914136e-004 0.0
360 -4.2585860240645636e-004 0.0
361 -2.8042308362584119e-004 0.0
362 -4.1164938505432725e-005 0.0
363 2.1785476520134014e-004 0.0
364 4.1421659659273715e-004 0.0
365 4.8326264645717944e-004 0.0
366 3.9941035330144301e-004 0.0
367 1.8534670281380116e-004 0.0
368 -9.3912180230668136e-005 0.0
369 -3.5066318536861366e-004 0.0
370 -5.0203911224392143e-004 0.0
371 -4.9672558138535213e-004 0.0
372 -3.3215538125449596e-004 0.0
373 -5.6747315517641491e-005 0.0
374 2.4421346041547871e-004 0.0
375 4.7505353979365950e-004 0.0
376 5.5989092574901830e-004 0.0
377 4.6765041814801243e-004 0.0
378 2.2316829605990941e-004 0.0
379 -9.9345116277070429e-005 0.0
380 -3.9860436828357014e-004 0.0
381 -5.7810021689355348e-004 0.0
382 -5.7717482668784759e-004 0.0
383 -3.9132065182575609e-004 0.0
384 -7.5225268334800925e-005 0.0
385 2.7331847494977671e-004 0.0
386 5.4347271242197843e-004 0.0
387 6.4660894341274713e-004 0.0
388 5.4529364153643191e-004 0.0
389 2.6666163572808596e-004 0.0
390 -1.0471834972955621e-004 0.0
391 -4.5221729762059493e-004 0.0
392 -6.6389284435157641e-004 0.0
393 -6.6837053889531449e-004 0.0
394 -4.5884428554532737e-004 0.0
395 -9.6897309926493572e-005 0.0
396 3.0549817307077486e-004 0.0
397 6.2036965338644159e-004 0.0
398 7.4464060262365440e-004 0.0
399 6.3353407534503170e-004 0.0
400 3.1657300424228719e-004 0.0
401 -1.0994232669725071e-004 0.0
402 -5.1218855320972782e-004 0.0
403 -7.6064089779327867e-004 0.0
404 -7.7171572896479106e-004 0.0
405 -5.3583078040066526e-004 0.0
406 -1.2221120974709326e-004 0.0
407 3.4108091904501404e-004 0.0
408 7.0690856326842085e-004 0.0
409 8.5550831952661095e-004 0.0
410 7.3377473053084976e-004 0.0
411 3.7382779180821901e-004 0.0
412 -1.1504689847711220e-004 0.0
413 -5.7941367395971668e-004 0.0
414 -8.6986679336353129e-004 0.0
415 -8.8891192082289757e-004 0.0
416 -6.2356374216097476e-004 0.0
417 -1.5173414243880678e-004 0.0
418 3.8060403621774277e-004 0.0
419 8.0440289913407954e-004 0.0
420 9.8103302323607048e-004 0.0
421 8.4774698231746481e-004 0.0
422 4.3941109122550378e-004 0.0
423 -1.1997236247522418e-004 0.0
424 -6.5493745526410015e-004 0.0
425 -9.9339146017678767e-004 0.0
426 -1.0219293000688788e-003 0.0
427 -7.2368499215895985e-004 0.0
428 -1.8606313394079927e-004 0.0
429 4.2463469923116788e-004 0.0
430 9.1449448231612157e-004 0.0
431 1.1234535610239018e-003 0.0
432 9.7754042149195467e-004 0.0
433 5.1466621085726296e-004 0.0
434 -1.2468886739462834e-004 0.0
435 -7.4001365159512495e-004 0.0
436 -1.1334835968018753e-003 0.0
437 -1.1733947808350615e-003 0.0
438 -8.3819456729082348e-004 0.0
439 -2.2594446667702705e-004 0.0
440 4.7394904180620405e-004 0.0
441 1.0393326061955413e-003 0.0
442 1.2856058061011394e-003 0.0
443 1.1258715160775204e-003 0.0
444 6.0123497203620052e-004 0.0
445 -1.2919641323532477e-004 0.0
446 -8.3637363817636989e-004 0.0
447 -1.2930387790437447e-003 0.0
448 -1.3465024518959782e-003 0.0
449 -9.6959997650105907e-004 0.0
450 -2.7245278733798730e-004 0.0
451 5.2947245414855710e-004 0.0
452 1.1815740362016230e-003 0.0
453 1.4711316166966901e-003 0.0
454 1.2961731652243614e-003 0.0
455 7.0123681684635254e-004 0.0
456 -1.3343529740339688e-004 0.0
457 -9.4619655968578768e-004 0.0
458 -1.4758779729130526e-003 0.0
459 -1.5455210487166598e-003 0.0
460 -1.1212744163459493e-003 0.0
461 -3.2678214780201018e-004 0.0
462 5.9248854202743201e-004 0.0
463 1.3448307792663160e-003 0.0
464 1.6848072003238746e-003 0.0
465 1.4929529147731740e-003 0.0
466 8.1738821331092020e-004 0.0
467 -1.3743537119580295e-004 0.0
468 -1.0723481406313704e-003 0.0
469 -1.6869863450018271e-003 0.0
470 -1.7760327638283000e-003 0.0
471 -1.2976060274783577e-003 0.0
472 -3.9069377458963273e-004 0.0
473 6.6472868066640752e-004 0.0
474 1.5338790429029407e-003 0.0
475 1.9331401397195925e-003 0.0
476 1.7223899831943169e-003 0.0
477 9.5351012744055992e-004 0.0
478 -1.4113693201862649e-004 0.0
479 -1.2188284548055245e-003 0.0
480 -1.9332595449074255e-003 0.0
481 -2.0458287857370023e-003 0.0
482 -1.5047143257747263e-003 0.0
483 -4.6651606886359873e-004 0.0
484 7.4861082511910220e-004 0.0
485 1.7553756663331878e-003 0.0
486 2.2251156752682781e-003 0.0
487 1.9929919901208923e-003 0.0
488 1.1148563874999247e-003 0.0
489 -1.4456983116882573e-004 0.0
490 -1.3911599921455266e-003 0.0
491 -2.2244589467351967e-003 0.0
492 -2.3658048378325308e-003 0.0
493 -1.7512263360559906e-003 0.0
494 -5.5759237588323273e-004 0.0
495 8.4756787453571535e-004 0.0
496 2.0188133619897823e-003 0.0
497 2.5736892698498140e-003 0.0
498 2.3170576698997012e-003 0.0
499 1.3089495203224943e-003 0.0
500 -1.4770421734944245e-004 0.0
501 -1.5975220080179391e-003 0.0
502 -2.5746146600555200e-003 0.0
503 -2.7519015126905924e-003 0.0
504 -2.0497393056385337e-003 0.0
505 -6.6881830834968840e-004 0.0
506 9.6661484680523365e-004 0.0
507 2.3383416446309366e-003 0.0
508 2.9979956048144410e-003 0.0
509 2.7129157188631120e-003 0.0
510 1.5471330187524057e-003 0.0
511 -1.5051023926351836e-004 0.0
512 -1.8500639802847706e-003 0.0
513 -3.0052494699752967e-003 0.0
514 -3.2283580634412897e-003 0.0
515 -2.4195968749513050e-003 0.0
516 -8.0768654179948750e-004 0.0
517 1.1135429304337614e-003 0.0
518 2.7357519610361767e-003 0.0
519 3.5278859771204138e-003 0.0
520 3.2091636794971323e-003 0.0
521 1.8471982557767782e-003 0.0
522 -1.5298789691105347e-004 0.0
523 -2.1681892519688872e-003 0.0
524 -3.5503341524330211e-003 0.0
525 -3.8339811761303536e-003 0.0
526 -2.8917249876430555e-003 0.0
527 -9.8628685150072329e-004 0.0
528 1.3010687779255151e-003 0.0
529 3.2466569084766998e-003 0.0
530 4.2122568111853526e-003 0.0
531 3.8529964522927619e-003 0.0
532 2.2385189076025345e-003 0.0
533 -1.5516704158900603e-004 0.0
534 -2.5844058854578274e-003 0.0
535 -4.2674817105581228e-003 0.0
536 -4.6347422170355266e-003 0.0
537 -3.5192589522994784e-003 0.0
538 -1.2255151453241734e-003 0.0
539 1.5511330925448118e-003 0.0
540 3.9333859950013410e-003 0.0
541 5.1373485039216543e-003 0.0
542 4.7282066278118203e-003 0.0
543 2.7738720672518674e-003 0.0
544 -1.5698797070345954e-004 0.0
545 -3.1578791513228511e-003 0.0
546 -5.2623358842858649e-003 0.0
547 -5.7526135855282346e-003 0.0
548 -4.4011558183371857e-003 0.0
549 -1.5645960274729845e-003 0.0
550 1.9055873926271238e-003 0.0
551 4.9155533675218251e-003 0.0
552 6.4703283182955436e-003 0.0
553 5.9989166367307913e-003 0.0
554 3.5575581662969187e-003 0.0
555 -1.5851038684833052e-004 0.0
556 -4.0084321555543924e-003 0.0
557 -6.7512887252666335e-003 0.0
558 -7.4408835362992668e-003 0.0
559 -5.7455985307430443e-003 0.0
560 -2.0872026833211430e-003 0.0
561 2.4547915540650868e-003 0.0
562 6.4551937107377088e-003 0.0
563 8.5831135631099110e-003 0.0
564 8.0359691411620669e-003 0.0
565 4.8292234167185534e-003 0.0
566 -1.5967458742970243e-004 0.0
567 -5.4209059737281122e-003 0.0
568 -9.2584991567904156e-003 0.0
569 -1.0324668078951427e-002 0.0
570 -8.0769848231827084e-003 0.0
571 -3.0086525178285380e-003 0.0
572 3.4363917519433644e-003 0.0
573 9.2584096028995398e-003 0.0
574 1.2502529151134789e-002 0.0
575 1.1890667117381449e-002 0.0
576 7.2872389108551315e-003 0.0
577 -1.6051042374453357e-004 0.0
578 -8.2773168770695522e-003 0.0
579 -1.4461848878286769e-002 0.0
580 -1.6477498002798976e-002 0.0
581 -1.3202034592757561e-002 0.0
582 -5.1016762040565402e-003 0.0
583 5.7421357802958876e-003 0.0
584 1.6103132887645508e-002 0.0
585 2.2484056571551080e-002 0.0
586 2.2173453826700443e-002 0.0
587 1.4191217020063237e-002 0.0
588 -1.6101789579282388e-004 0.0
589 -1.7341334834176939e-002 0.0
590 -3.2243639599082753e-002 0.0
591 -3.9379293623983867e-002 0.0
592 -3.4286154890857387e-002 0.0
593 -1.4806452250372857e-002 0.0
594 1.8111528146996861e-002 0.0
595 6.0327351710547976e-002 0.0
596 1.0520149297082555e-001 0.0
597 1.4493276323724419e-001 0.0
598 1.7223535646120278e-001 0.0
599 1.8195577458712522e-001 0.0
600 1.7223535646120278e-001 0.0
601 1.4493276323724419e-001 0.0
602 1.0520149297082555e-001 0.0
603 6.0327351710547976e-002 0.0
604 1.8111528146996861e-002 0.0
605 -1.4806452250372857e-002 0.0
606 -3.4286154890857387e-002 0.0
607 -3.9379293623983867e-002 0.0
608 -3.2243639599082753e-002 0.0
609 -1.7341334834176939e-002 0.0
610 -1.6101789579282388e-004 0.0
611 1.4191217020063237e-002 0.0
612 2.2173453826700443e-002 0.0
613 2.2484056571551080e-002 0.0
614 1.6103132887645508e-002 0.0
615 5.7421357802958876e-003 0.0
616 -5.1016762040565402e-003 0.0
617 -1.3202034592757561e-002 0.0
618 -1.6477498002798976e-002 0.0
619 -1.4461848878286769e-002 0.0
620 -8.2773168770695522e-003 0.0
621 -1.6051042374453357e-004 0.0
622 7.2872389108551315e-003 0.0
623 1.1890667117381449e-002 0.0
624 1.2502529151134789e-002 0.0
625 9.2584096028995398e-003 0.0
626 3.4363917519433644e-003 0.0
627 -3.0086525178285380e-003 0.0
628 -8.0769848231827084e-003 0.0
629 -1.0324668078951427e-002 0.0
630 -9.2584991567904156e-003 0.0
631 -5.4209059737281122e-003 0.0
632 -1.5967458742970243e-004 0.0
633 4.8292234167185534e-003 0.0
634 8.0359691411620669e-003 0.0
635 8.5831135631099110e-003 0.0
636 6.4551937107377088e-003 0.0
637 2.4547915540650868e-003 0.0
638 -2.0872026833211430e-003 0.0
639 -5.7455985307430443e-003 0.0
640 -7.4408835362992668e-003 0.0
641 -6.7512887252666335e-003 0.0
642 -4.0084321555543924e-003 0.0
643 -1.5851038684833052e-004 0.0
644 3.5575581662969187e-003 0.0
645 5.9989166367307913e-003 0.0
646 6.4703283182955436e-003 0.0
647 4.9155533675218251e-003 0.0
648 1.9055873926271238e-003 0.0
649 -1.5645960274729845e-003 0.0
650 -4.4011558183371857e-003 0.0
651 -5.7526135855282346e-003 0.0
652 -5.2623358842858649e-003 0.0
653 -3.1578791513228511e-003 0.0
654 -1.5698797070345954e-004 0.0
655 2.7738720672518674e-003 0.0
656 4.7282066278118203e-003 0.0
657 5.1373485039216543e-003 0.0
658 3.9333859950013410e-003 0.0
659 1.5511330925448118e-003 0.0
660 -1.2255151453241734e-003 0.0
661 -3.5192589522994784e-003 0.0
662 -4.6347422170355266e-003 0.0
663 -4.2674817105581228e-003 0.0
664 -2.5844058854578274e-003 0.0
665 -1.5516704158900603e-004 0.0
666 2.2385189076025345e-003 0.0
667 3.8529964522927619e-003 0.0
668 4.2122568111853526e-003 0.0
669 3.2466569084766998e-003 0.0
670 1.3010687779255151e-003 0.0
671 -9.8628685150072329e-004 0.0
672 -2.8917249876430555e-003 0.0
673 -3.8339811761303536e-003 0.0
674 -3.5503341524330211e-003 0.0
675 -2.1681892519688872e-003 0.0
676 -1.5298789691105347e-004 0.0
677 1.8471982557767782e-003 0.0
678 3.2091636794971323e-003 0.0
679 1.5715513796642577e-003 0.0
680 2.7357519610361767e-003 0.0
681 1.1135429304337614e-003 0.0
682 -8.0768654179948750e-004 0.0
683 -2.4195968749513050e-003 0.0
684 -3.2283580634412897e-003 0.0
685 -3.0052494699752967e-003 0.0
686 -1.8500639802847706e-003 0.0
687 -1.5051023926351836e-004 0.0
688 1.5471330187524057e-003 0.0
689 2.7129157188631120e-003 0.0
690 2.9979956048144410e-003 0.0
691 2.3383416446309366e-003 0.0
692 9.6661484680523365e-004 0.0
693 -6.6881830834968840e-004 0.0
694 -2.0497393056385337e-003 0.0
695 -2.7519015126905924e-003 0.0
696 -2.5746146600555200e-003 0.0
697 -1.5975220080179391e-003 0.0
698 -1.4770421734944245e-004 0.0
699 1.3089495203224943e-003 0.0
700 2.3170576698997012e-003 0.0
701 2.5736892698498140e-003 0.0
702 2.0188133619897823e-003 0.0
703 8.4756787453571535e-004 0.0
704 -5.5759237588323273e-004 0.0
705 -1.7512263360559906e-003 0.0
706 -2.3658048378325308e-003 0.0
707 -2.2244589467351967e-003 0.0
708 -1.3911599921455266e-003 0.0
709 -1.4456983116882573e-004 0.0
710 1.1148563874999247e-003 0.0
711 1.9929919901208923e-003 0.0
712 2.2251156752682781e-003 0.0
713 1.7553756663331878e-003 0.0
714 7.4861082511910220e-004 0.0
715 -4.6651606886359873e-004 0.0
716 -1.5047143257747263e-003 0.0
717 -2.0458287857370023e-003 0.0
718 -1.9332595449074255e-003 0.0
719 -1.2188284548055245e-003 0.0
720 -1.4113693201862649e-004 0.0
721 9.5351012744055992e-004 0.0
722 1.7223899831943169e-003 0.0
723 1.9331401397195925e-003 0.0
724 1.5338790429029407e-003 0.0
725 6.6472868066640752e-004 0.0
726 -3.9069377458963273e-004 0.0
727 -1.2976060274783577e-003 0.0
728 -1.7760327638283000e-003 0.0
729 -1.6869863450018271e-003 0.0
730 -1.0723481406313704e-003 0.0
731 -1.3743537119580295e-004 0.0
732 8.1738821331092020e-004 0.0
733 1.4929529147731740e-003 0.0
734 1.6848072003238746e-003 0.0
735 1.3448307792663160e-003 0.0
736 5.9248854202743201e-004 0.0
737 -3.2678214780201018e-004 0.0
738 -1.1212744163459493e-003 0.0
739 -1.5455210487166598e-003 0.0
740 -1.4758779729130526e-003 0.0
741 -9.4619655968578768e-004 0.0
742 -1.3343529740339688e-004 0.0
743 7.0123681684635254e-004 0.0
744 1.2961731652243614e-003 0.0
745 1.4711316166966901e-003 0.0
746 1.1815740362016230e-003 0.0
747 5.2947245414855710e-004 0.0
748 -2.7245278733798730e-004 0.0
749 -9.6959997650105907e-004 0.0
750 -1.3465024518959782e-003 0.0
751 -1.2930387790437447e-003 0.0
752 -8.3637363817636989e-004 0.0
753 -1.2919641323532477e-004 0.0
754 6.0123497203620052e-004 0.0
755 1.1258715160775204e-003 0.0
756 1.2856058061011394e-003 0.0
757 1.0393326061955413e-003 0.0
758 4.7394904180620405e-004 0.0
759 -2.2594446667702705e-004 0.0
760 -8.3819456729082348e-004 0.0
761 -1.1733947808350615e-003 0.0
762 -1.1334835968018753e-003 0.0
763 -7.4001365159512495e-004 0.0
764 -1.2468886739462834e-004 0.0
765 5.1466621085726296e-004 0.0
766 9.7754042149195467e-004 0.0
767 1.1234535610239018e-003 0.0
768 9.1449448231612157e-004 0.0
769 4.2463469923116788e-004 0.0
770 -1.8606313394079927e-004 0.0
771 -7.2368499215895985e-004 0.0
772 -1.0219293000688788e-003 0.0
773 -9.9339146017678767e-004 0.0
774 -6.5493745526410015e-004 0.0
775 -1.1997236247522418e-004 0.0
776 4.3941109122550378e-004 0.0
777 8.4774698231746481e-004 0.0
778 9.8103302323607048e-004 0.0
779 8.0440289913407954e-004 0.0
780 3.8060403621774277e-004 0.0
781 -1.5173414243880678e-004 0.0
782 -6.2356374216097476e-004 0.0
783 -8.8891192082289757e-004 0.0
784 -8.6986679336353129e-004 0.0
785 -5.7941367395971668e-004 0.0
786 -1.1504689847711220e-004 0.0
787 3.7382779180821901e-004 0.0
788 7.3377473053084976e-004 0.0
789 8.5550831952661095e-004 0.0
790 7.0690856326842085e-004 0.0
791 3.4108091904501404e-004 0.0
792 -1.2221120974709326e-004 0.0
793 -5.3583078040066526e-004 0.0
794 -7.7171572896479106e-004 0.0
795 -7.6064089779327867e-004 0.0
796 -5.1218855320972782e-004 0.0
797 -1.0994232669725071e-004 0.0
798 3.1657300424228719e-004 0.0
799 6.3353407534503170e-004 0.0
800 7.4464060262365440e-004 0.0
801 6.2036965338644159e-004 0.0
802 3.0549817307077486e-004 0.0
803 -9.6897309926493572e-005 0.0
804 -4.5884428554532737e-004 0.0
805 -6.6837053889531449e-004 0.0
806 -6.6389284435157641e-004 0.0
807 -4.5221729762059493e-004 0.0
808 -1.0471834972955621e-004 0.0
809 2.6666163572808596e-004 0.0
810 5.4529364153643191e-004 0.0
811 6.4660894341274713e-004 0.0
812 5.4347271242197843e-004 0.0
813 2.7331847494977671e-004 0.0
814 -7.5225268334800925e-005 0.0
815 -3.9132065182575609e-004 0.0
816 -5.7717482668784759e-004 0.0
817 -5.7810021689355348e-004 0.0
818 -3.9860436828357014e-004 0.0
819 -9.9345116277070429e-005 0.0
820 2.2316829605990941e-004 0.0
821 4.6765041814801243e-004 0.0
822 5.5989092574901830e-004 0.0
823 4.7505353979365950e-004 0.0
824 2.4421346041547871e-004 0.0
825 -5.6747315517641491e-005 0.0
826 -3.3215538125449596e-004 0.0
827 -4.9672558138535213e-004 0.0
828 -5.0203911224392143e-004 0.0
829 -3.5066318536861366e-004 0.0
830 -9.3912180230668136e-005 0.0
831 1.8534670281380116e-004 0.0
832 3.9941035330144301e-004 0.0
833 4.8326264645717944e-004 0.0
834 4.1421659659273715e-004 0.0
835 2.1785476520134014e-004 0.0
836 -4.1164938505432725e-005 0.0
837 -2.8042308362584119e-004 0.0
838 -4.2585860240645636e-004 0.0
839 -4.3466473500914136e-004 0.0
840 -3.0776687163960219e-004 0.0
841 -8.8389690293391089e-005 0.0
842 1.5259983005059616e-004 0.0
843 3.3952865160318479e-004 0.0
844 4.1558975625281683e-004 0.0
845 3.6012604650438026e-004 0.0
846 1.9397372763473668e-004 0.0
847 -2.8060219140759073e-005 0.0
848 -2.3528792262496066e-004 0.0
849 -3.6352909435762129e-004 0.0
850 -3.7505169498350748e-004 0.0
851 -2.6946765764216188e-004 0.0
852 -8.2867200356114028e-005 0.0
853 1.2436050312808757e-004 0.0
854 2.8710977414449018e-004 0.0
855 3.5597671622718296e-004 0.0
856 3.1212516099550730e-004 0.0
857 1.7233153734000226e-004 0.0
858 -1.7194347047954497e-005 0.0
859 -1.9606331842181448e-004 0.0
860 -3.0887136962705759e-004 0.0
861 -3.2239400714914682e-004 0.0
862 -2.3522822003104414e-004 0.0
863 -7.7374561715795237e-005 0.0
864 1.0012124999798504e-004 0.0
865 2.4140743850140279e-004 0.0
866 3.0358769006544659e-004 0.0
867 2.6958706282999490e-004 0.0
868 1.5268938394147092e-004 0.0
869 -8.2986605543947052e-006 0.0
870 -1.6209254248332103e-004 0.0
871 -2.6104959189993414e-004 0.0
872 -2.7600509167601960e-004 0.0
873 -2.0475004583666648e-004 0.0
874 -7.1881923075476433e-005 0.0
875 7.9434301205914782e-005 0.0
876 2.0167536224996628e-004 0.0
877 2.5767639534365140e-004 0.0
878 2.3197442866259443e-004 0.0
879 1.3495771354826784e-004 0.0
880 -1.1343492844136648e-006 0.0
881 -1.3283827146423179e-004 0.0
882 -2.1940703264316936e-004 0.0
883 -2.3525807132800241e-004 0.0
884 -1.7758536560465505e-004 0.0
885 -6.6508689622990651e-005 0.0
886 6.1911589891419495e-005 0.0
887 1.6728666815405728e-004 0.0
888 2.1755625223175758e-004 0.0
889 1.9880963774197385e-004 0.0
890 1.1889771578472702e-004 0.0
891 4.5373971376546591e-006 0.0
892 -1.0779303331625640e-004 0.0
893 -1.8325711202672336e-004 0.0
894 -1.9958577146288848e-004 0.0
895 -1.5349536895934378e-004 0.0
896 -6.1225010061379638e-005 0.0
897 4.7224751787958357e-005 0.0
898 1.3767418157146900e-004 0.0
899 1.8266008608755827e-004 0.0
900 1.6964492061375937e-004 0.0
901 1.0441983675997367e-004 0.0
902 8.8658351966015375e-006 0.0
903 -8.6449355991104554e-005 0.0
904 -1.5203265540838931e-004 0.0
905 -1.6845086873542922e-004 0.0
906 -1.3215169163419195e-004 0.0
907 -5.6060735687601640e-005 0.0
908 3.4985720035074077e-005 0.0
909 1.1233043045391106e-004 0.0
910 1.5245057356580490e-004 0.0
911 1.4409221041749367e-004 0.0
912 9.1374819989216511e-005 0.0
913 1.2089775268093006e-005 0.0
914 -6.8449023925277186e-005 0.0
915 -1.2519633944291868e-004 0.0
916 -1.4140559369125078e-004 0.0
917 -1.1331552325353345e-004 0.0
918 -5.1105420392531421e-005 0.0
919 2.4925832960142368e-005 0.0
920 9.0777794050051435e-005 0.0
921 1.2639039132124886e-004 0.0
922 1.2179329158967769e-004 0.0
923 7.9673111581580816e-005 0.0
924 1.4298771243003825e-005 0.0
925 -5.3344267664400494e-005 0.0
926 -1.0227054337897935e-004 0.0
927 -1.1800217687597938e-004 0.0
928 -9.6718202144744050e-005 0.0
929 -4.6299361582252473e-005 0.0
930 1.6776428890538935e-005 0.0
931 7.2538651608558034e-005 0.0
932 1.0406162119647461e-004 0.0
933 1.0238994856681236e-004 0.0
934 6.9165455052275286e-005 0.0
935 1.5731633497000035e-005 0.0
936 -4.0776871644975419e-005 0.0
937 -8.2807497762197517e-005 0.0
938 -9.7852551429157704e-005 0.0
939 -8.2180620526074185e-005 0.0
940 -4.1702261850681303e-005 0.0
941 1.0238994856681237e-005 0.0
942 5.7254787565931813e-005 0.0
943 8.5016493737108341e-005 0.0
944 8.5613519676273431e-005 0.0
945 5.9792147807383431e-005 0.0
946 1.6448064623998138e-005 0.0
947 -3.0478174194377674e-005 0.0
948 -6.6389284435157641e-005 0.0
949 -8.0568650490328450e-005 0.0
950 -6.9463968021857831e-005 0.0
951 -3.7373823791734429e-005 0.0
952 5.1344230768197456e-006 0.0
953 4.4538135061715466e-005 0.0
954 6.8866942082692755e-005 0.0
955 7.1135640651520077e-005 0.0
956 5.1433784659072221e-005 0.0
957 1.6597321108789410e-005 0.0
958 -2.2089959749108208e-005 0.0
959 -5.2627836537402394e-005 0.0
960 -6.5881812386867319e-005 0.0
961 -5.8418988147303730e-005 0.0
962 -3.3254344811495326e-005 0.0
963 1.2239031752884277e-006 0.0
964 3.4090181126326449e-005 0.0
965 5.5284601966687029e-005 0.0
966 5.8747352413844531e-005 0.0
967 4.4030663013425144e-005 0.0
968 1.6328659436165121e-005 0.0
969 -1.5373417933500982e-005 0.0
970 -4.1194789802390981e-005 0.0
971 -5.3433821555275261e-005 0.0
972 -4.8836721823704091e-005 0.0
973 -2.9403527503880518e-005 0.0
974 -1.6716726296622427e-006 0.0
975 2.5552710196265710e-005 0.0
976 4.3941109122550383e-005 0.0
977 4.8150141993664241e-005 0.0
978 3.7463377682609190e-005 0.0
979 1.5671930903083527e-005 0.0
980 -1.0089738371889964e-005 0.0
981 -3.1821482557499120e-005 0.0
982 -4.2985867619886244e-005 0.0
983 -4.0567912566267642e-005 0.0
984 -2.5821371868889999e-005 0.0
985 -3.7015608228235373e-006 0.0
986 1.8686911895867215e-005 0.0
987 3.4508099283742010e-005 0.0
988 3.9194752906187941e-005 0.0
989 3.1702077369666103e-005 0.0
990 1.4776391994335895e-005 0.0
991 -6.0001106886091211e-006 0.0
992 -2.4149699239227757e-005 0.0
993 -3.4239437611117721e-005 0.0
994 -3.3463303890203110e-005 0.0
995 -2.2478026609565514e-005 0.0
996 -5.0747204829032372e-006 0.0
997 1.3224124552506671e-005 0.0
998 2.6776613371554139e-005 0.0
999 3.1642374775749591e-005 0.0
1000 2.6627356886762867e-005 0.0
1001 1.3701745303838739e-005 0.0
1002 -2.9254271019089247e-006 0.0
1003 -1.8000332065827364e-005 0.0
1004 -2.6985572450261920e-005 0.0
1005 -2.7403490607677478e-005 0.0
1006 -1.9433194319823570e-005 0.0
1007 -5.8508542038178494e-006 0.0
1008 8.9553890874762999e-006 0.0
1009 2.0477989713362474e-005 0.0
1010 2.5313899820599677e-005 0.0
1011 2.2209364936941225e-005 0.0
1012 1.2477842128550312e-005 0.0
1013 -6.5672853308159538e-007 0.0
1014 -1.3074868067715398e-005 0.0
1015 -2.1045164355569304e-005 0.0
1016 -2.2269067530857733e-005 0.0
1017 -1.6657023702705919e-005 0.0
1018 -6.2090697673169018e-006 0.0
1019 5.7015977190265778e-006 0.0
1020 1.5403269230459238e-005 0.0
1021 2.0030220258988660e-005 0.0
1022 1.8388398926284670e-005 0.0
1023 1.1224087656303629e-005 0.0
1024 9.2539020570588434e-007 0.0
1025 -9.2539020570588431e-006 0.0
1026 -1.6179402951373849e-005 0.0
1027 -1.7910778174952600e-005 0.0
1028 -1.4149514758212555e-005 0.0
1029 -6.2389210642751560e-006 0.0
1030 3.2537913684497225e-006 0.0
1031 1.1373344141094902e-005 0.0
1032 1.5701782200041779e-005 0.0
1033 1.5074904963918438e-005 0.0
1034 9.9106305901404396e-006 0.0
1035 1.9403343022865318e-006 0.0
1036 -6.2687723612334101e-006 0.0
1037 -1.2268883049842531e-005 0.0
1038 -1.4298771243003825e-005 0.0
1039 -1.1880816189385225e-005 0.0
1040 -5.9702593916508669e-006 0.0
1041 1.4925648479127167e-006 0.0
1042 8.2091066635199427e-006 0.0
1043 1.2149477862009515e-005 0.0
1044 1.2239031752884277e-005 0.0
1045 8.6270248209355026e-006 0.0
1046 2.5672115384098728e-006 0.0
1047 -4.0597763863225893e-006 0.0
1048 -9.1344968692258265e-006 0.0
1049 -1.1253938953261883e-005 0.0
1050 -9.8807792931821854e-006 0.0
1051 -5.5523412342353062e-006 0.0
1052 2.6866167262428901e-007 0.0
1053 5.7613003129430861e-006 0.0
1054 9.2837533540170973e-006 0.0
1055 9.8509279962239296e-006 0.0
1056 7.4031216456470747e-006 0.0
1057 2.8358732110341618e-006 0.0
1058 -2.3881037566603466e-006 0.0
1059 -6.6866905186489708e-006 0.0
1060 -8.7762813057267750e-006 0.0
1061 -8.1195527726451786e-006 0.0
1062 -5.0150178889867281e-006 0.0
1063 -5.3732334524857803e-007 0.0
1064 3.8806686045730635e-006 0.0
1065 6.9553521912732599e-006 0.0
1066 7.7911885061043812e-006 0.0
1067 6.2389210642751560e-006 0.0
1068 2.8657245079924160e-006 0.0
1069 -1.2239031752884277e-006 0.0
1070 -4.7762075133206932e-006 0.0
1071 -6.7165418156072249e-006 0.0
1072 -6.5672853308159533e-006 0.0
1073 -4.4179919498216417e-006 0.0
1074 -1.0149440965806473e-006 0.0
1075 2.5075089444933640e-006 0.0
1076 5.1344230768197456e-006 0.0
1077 6.0896645794838844e-006 0.0
1078 5.1642743737779997e-006 0.0
1079 2.7164680232011444e-006 0.0
1080 -4.4776945437381504e-007 0.0
1081 -3.3134939623662312e-006 0.0
1082 -5.0747204829032372e-006 0.0
1083 -5.2239769676945089e-006 0.0
1084 -3.7612634167400461e-006 0.0
1085 -1.2537544722466820e-006 0.0
1086 1.5224161448709711e-006 0.0
1087 3.7015608228235373e-006 0.0
1088 4.6866536224459307e-006 0.0
1089 4.2090328711138609e-006 0.0
1090 2.4776576475351099e-006 0.0
1091 5.9702593916508662e-008 0.0
1092 -2.2388472718690750e-006 0.0
1093 -3.7612634167400461e-006 0.0
1094 -4.0597763863225893e-006 0.0
1095 -3.1343861806167051e-006 0.0
1096 -1.3134570661631908e-006 0.0
1097 8.3583631483112135e-007 0.0
1098 2.5970628353681269e-006 0.0
1099 3.5224530410740116e-006 0.0
1100 3.3134939623662312e-006 0.0
1101 2.1194420840360579e-006 0.0
1102 3.5821556349905200e-007 0.0
1103 -1.4328622539962080e-006 0.0
1104 -2.7164680232011444e-006 0.0
1105 -3.1045348836584509e-006 0.0
1106 -2.5373602414516186e-006 0.0
1107 -1.2239031752884277e-006 0.0
1108 3.5821556349905200e-007 0.0
1109 1.7910778174952602e-006 0.0
1110 2.5672115384098728e-006 0.0
1111 2.5672115384098728e-006 0.0
1112 1.7612265205370058e-006 0.0
1113 4.7762075133206930e-007 0.0
1114 -8.6568761178937571e-007 0.0
1115 -1.9104830053282772e-006 0.0
1116 -2.2985498657855837e-006 0.0
1117 -1.9701855992447859e-006 0.0
1118 -1.0746466904971561e-006 0.0
1119 8.9553890874763000e-008 0.0
1120 1.1642005813719191e-006 0.0
1121 1.8209291144535143e-006 0.0
1122 1.9104830053282772e-006 0.0
1123 1.4030109570379536e-006 0.0
1124 5.0747204829032366e-007 0.0
1125 -4.7762075133206930e-007 0.0
1126 -1.2836057692049364e-006 0.0
1127 -1.6418213327039883e-006 0.0
1128 -1.4925648479127167e-006 0.0
1129 -8.9553890874763008e-007 0.0
1130 -5.9702593916508662e-008 0.0
1131 7.1643112699810400e-007 0.0
1132 1.2537544722466820e-006 0.0
1133 1.3731596600796995e-006 0.0
1134 1.0447953935389017e-006 0.0
1135 4.4776945437381504e-007 0.0
1136 -2.3881037566603465e-007 0.0
1137 -8.3583631483112135e-007 0.0
1138 -1.1044979874554104e-006 0.0
1139 -1.0447953935389017e-006 0.0
1140 -6.8657983003984974e-007 0.0
1141 -1.1940518783301732e-007 0.0
1142 4.1791815741556067e-007 0.0
1143 8.0598501787286698e-007 0.0
1144 9.2539020570588434e-007 0.0
1145 7.4628242395635836e-007 0.0
1146 3.5821556349905200e-007 0.0
1147 -8.9553890874763000e-008 0.0
1148 -4.7762075133206930e-007 0.0
1149 -7.1643112699810400e-007 0.0
1150 -6.8657983003984974e-007 0.0
1151 -4.7762075133206930e-007 0.0
1152 -1.1940518783301732e-007 0.0
1153 2.0895907870778034e-007 0.0
1154 4.7762075133206930e-007 0.0
1155 5.6717464220683239e-007 0.0
1156 4.7762075133206930e-007 0.0
1157 2.6866167262428901e-007 0.0
1158 -2.9851296958254331e-008 0.0
1159 -2.6866167262428901e-007 0.0
1160 -4.1791815741556067e-007 0.0
1161 -4.1791815741556067e-007 0.0
1162 -2.9851296958254332e-007 0.0
1163 -8.9553890874763000e-008 0.0
1164 8.9553890874763000e-008 0.0
1165 2.3881037566603465e-007 0.0
1166 2.9851296958254332e-007 0.0
1167 2.6866167262428901e-007 0.0
1168 1.4925648479127166e-007 0.0
1169 0.0000000000000000e+000 0.0
1170 -1.1940518783301732e-007 0.0
1171 -2.0895907870778034e-007 0.0
1172 -2.0895907870778034e-007 0.0
1173 -1.4925648479127166e-007 0.0
1174 -5.9702593916508662e-008 0.0
1175 2.9851296958254331e-008 0.0
1176 1.1940518783301732e-007 0.0
1177 1.1940518783301732e-007 0.0
1178 1.1940518783301732e-007 0.0
1179 5.9702593916508662e-008 0.0
1180 0.0000000000000000e+000 0.0
1181 -2.9851296958254331e-008 0.0
1182 -5.9702593916508662e-008 0.0
1183 -5.9702593916508662e-008 0.0
1184 -5.9702593916508662e-008 0.0
1185 -2.9851296958254331e-008 0.0
1186 0.0000000000000000e+000 0.0
1187 2.9851296958254331e-008 0.0
1188 2.9851296958254331e-008 0.0
1189 2.9851296958254331e-008 0.0
1190 0.0000000000000000e+000 0.0
1191 0.0000000000000000e+000 0.0
1192 0.0000000000000000e+000 0.0
1193 0.0000000000000000e+000 0.0
1194 0.0000000000000000e+000 0.0
1195 0.0000000000000000e+000 0.0
1196 0.0000000000000000e+000 0.0
1197 0.0000000000000000e+000 0.0
1198 0.0000000000000000e+000 0.0
