 0 0.000000E+00 0.000000E+00 
 1 0.000000E+00 0.000000E+00 
 2 2.441406E-04 0.000000E+00 
 3 9.765625E-04 0.000000E+00 
 4 2.441406E-03 0.000000E+00 
 5 4.882812E-03 0.000000E+00 
 6 8.544921E-03 0.000000E+00 
 7 1.367187E-02 0.000000E+00 
 8 2.050781E-02 0.000000E+00 
 9 2.929687E-02 0.000000E+00 
10 3.930664E-02 0.000000E+00 
11 4.980468E-02 0.000000E+00 
12 6.005859E-02 0.000000E+00 
13 6.933593E-02 0.000000E+00 
14 7.690429E-02 0.000000E+00 
15 8.203125E-02 0.000000E+00 
16 8.398437E-02 0.000000E+00 
17 8.203125E-02 0.000000E+00 
18 7.690429E-02 0.000000E+00 
19 6.933593E-02 0.000000E+00 
20 6.005859E-02 0.000000E+00 
21 4.980468E-02 0.000000E+00 
22 3.930664E-02 0.000000E+00 
23 2.929687E-02 0.000000E+00 
24 2.050781E-02 0.000000E+00 
25 1.367187E-02 0.000000E+00 
26 8.544921E-03 0.000000E+00 
27 4.882812E-03 0.000000E+00 
28 2.441406E-03 0.000000E+00 
29 9.765625E-04 0.000000E+00 
30 2.441406E-04 0.000000E+00 
31 0.000000E+00 0.000000E+00 
32 0.000000E+00 0.000000E+00 
