  0 -3.099820E-06 0.000000E+00 
  1 -2.944829E-05 0.000000E+00 
  2 -9.800201E-05 0.000000E+00 
  3 -1.623829E-04 0.000000E+00 
  4 -1.000288E-04 0.000000E+00 
  5 1.206545E-04 0.000000E+00 
  6 2.619348E-04 0.000000E+00 
  7 2.527546E-05 0.000000E+00 
  8 -4.104877E-04 0.000000E+00 
  9 -3.668518E-04 0.000000E+00 
 10 3.762705E-04 0.000000E+00 
 11 8.545966E-04 0.000000E+00 
 12 -3.052131E-05 0.000000E+00 
 13 -1.276768E-03 0.000000E+00 
 14 -9.113472E-04 0.000000E+00 
 15 1.277245E-03 0.000000E+00 
 16 2.152587E-03 0.000000E+00 
 17 -4.617540E-04 0.000000E+00 
 18 -3.339103E-03 0.000000E+00 
 19 -1.409941E-03 0.000000E+00 
 20 3.772362E-03 0.000000E+00 
 21 4.195964E-03 0.000000E+00 
 22 -2.644027E-03 0.000000E+00 
 23 -7.204340E-03 0.000000E+00 
 24 -6.442857E-04 0.000000E+00 
 25 9.187987E-03 0.000000E+00 
 26 6.087093E-03 0.000000E+00 
 27 -8.581972E-03 0.000000E+00 
 28 -1.274563E-02 0.000000E+00 
 29 3.983984E-03 0.000000E+00 
 30 1.863421E-02 0.000000E+00 
 31 5.207460E-03 0.000000E+00 
 32 -2.094978E-02 0.000000E+00 
 33 -1.817079E-02 0.000000E+00 
 34 1.667417E-02 0.000000E+00 
 35 3.225876E-02 0.000000E+00 
 36 -3.467387E-03 0.000000E+00 
 37 -4.297150E-02 0.000000E+00 
 38 -1.933489E-02 0.000000E+00 
 39 4.432826E-02 0.000000E+00 
 40 4.981256E-02 0.000000E+00 
 41 -2.942922E-02 0.000000E+00 
 42 -8.264371E-02 0.000000E+00 
 43 -9.345720E-03 0.000000E+00 
 44 1.075992E-01 0.000000E+00 
 45 8.169588E-02 0.000000E+00 
 46 -1.031545E-01 0.000000E+00 
 47 -2.042970E-01 0.000000E+00 
 48 -3.123665E-05 0.000000E+00 
 49 3.906022E-01 0.000000E+00 
 50 5.902142E-01 0.000000E+00 
 51 3.906022E-01 0.000000E+00 
 52 -3.123665E-05 0.000000E+00 
 53 -2.042970E-01 0.000000E+00 
 54 -1.031545E-01 0.000000E+00 
 55 8.169588E-02 0.000000E+00 
 56 1.075992E-01 0.000000E+00 
 57 -9.345720E-03 0.000000E+00 
 58 -8.264371E-02 0.000000E+00 
 59 -2.942922E-02 0.000000E+00 
 60 4.981256E-02 0.000000E+00 
 61 4.432826E-02 0.000000E+00 
 62 -1.933489E-02 0.000000E+00 
 63 -4.297150E-02 0.000000E+00 
 64 -3.467387E-03 0.000000E+00 
 65 3.225876E-02 0.000000E+00 
 66 1.667417E-02 0.000000E+00 
 67 -1.817079E-02 0.000000E+00 
 68 -2.094978E-02 0.000000E+00 
 69 5.207460E-03 0.000000E+00 
 70 1.863421E-02 0.000000E+00 
 71 3.983984E-03 0.000000E+00 
 72 -1.274563E-02 0.000000E+00 
 73 -8.581972E-03 0.000000E+00 
 74 6.087093E-03 0.000000E+00 
 75 9.187987E-03 0.000000E+00 
 76 -6.442857E-04 0.000000E+00 
 77 -7.204340E-03 0.000000E+00 
 78 -2.644027E-03 0.000000E+00 
 79 4.195964E-03 0.000000E+00 
 80 3.772362E-03 0.000000E+00 
 81 -1.409941E-03 0.000000E+00 
 82 -3.339103E-03 0.000000E+00 
 83 -4.617540E-04 0.000000E+00 
 84 2.152587E-03 0.000000E+00 
 85 1.277245E-03 0.000000E+00 
 86 -9.113472E-04 0.000000E+00 
 87 -1.276768E-03 0.000000E+00 
 88 -3.052131E-05 0.000000E+00 
 89 8.545966E-04 0.000000E+00 
 90 3.762705E-04 0.000000E+00 
 91 -3.668518E-04 0.000000E+00 
 92 -4.104877E-04 0.000000E+00 
 93 2.527546E-05 0.000000E+00 
 94 2.619348E-04 0.000000E+00 
 95 1.206545E-04 0.000000E+00 
 96 -1.000288E-04 0.000000E+00 
 97 -1.623829E-04 0.000000E+00 
 98 -9.800201E-05 0.000000E+00 
 99 -2.944829E-05 0.000000E+00 
100 -3.099820E-06 0.000000E+00
