 0 0.0000000000000000e+000 0.0
 1 0.0000000000000000e+000 0.0
 2 0.0000000000000000e+000 0.0
 3 0.0000000000000000e+000 0.0
 4 -1.4850456350068500e-008 0.0
 5 -2.9700912700137000e-008 0.0
 6 -4.4551369050205504e-008 0.0
 7 -5.9401825400274001e-008 0.0
 8 -8.9102738100411008e-008 0.0
 9 -8.9102738100411008e-008 0.0
10 -8.9102738100411008e-008 0.0
11 -8.9102738100411008e-008 0.0
12 -5.9401825400274001e-008 0.0
13 0.0000000000000000e+000 0.0
14 5.9401825400274001e-008 0.0
15 1.3365410715061652e-007 0.0
16 2.2275684525102751e-007 0.0
17 2.9700912700137002e-007 0.0
18 3.7126140875171249e-007 0.0
19 4.1581277780191804e-007 0.0
20 4.3066323415198651e-007 0.0
21 4.0096232145184953e-007 0.0
22 3.2671003970150700e-007 0.0
23 1.9305593255089051e-007 0.0
24 2.9700912700137000e-008 0.0
25 -1.7820547620082202e-007 0.0
26 -3.8611186510178101e-007 0.0
27 -6.0886871035280850e-007 0.0
28 -8.0192464290369906e-007 0.0
29 -9.5042920640438401e-007 0.0
30 -1.0395319445047950e-006 0.0
31 -1.0395319445047950e-006 0.0
32 -9.5042920640438401e-007 0.0
33 -7.4252281750342499e-007 0.0
34 -4.6036414685212354e-007 0.0
35 -8.9102738100411008e-008 0.0
36 3.2671003970150700e-007 0.0
37 7.7222373020356202e-007 0.0
38 1.2028869643555485e-006 0.0
39 1.5741483731072610e-006 0.0
40 1.8414565874084942e-006 0.0
41 1.9899611509091792e-006 0.0
42 1.9602602382090423e-006 0.0
43 1.7672043056581516e-006 0.0
44 1.3959428969064390e-006 0.0
45 8.6132646830397302e-007 0.0
46 2.0790638890095902e-007 0.0
47 -5.3461642860246607e-007 0.0
48 -1.3068401588060280e-006 0.0
49 -2.0196620636093162e-006 0.0
50 -2.6285307739621244e-006 0.0
51 -3.0740444644641796e-006 0.0
52 -3.2819508533651385e-006 0.0
53 -3.2373994843149331e-006 0.0
54 -2.9106894446134261e-006 0.0
55 -2.3018207342606178e-006 0.0
56 -1.4404942659566446e-006 0.0
57 -3.8611186510178101e-007 0.0
58 7.7222373020356202e-007 0.0
59 1.9602602382090423e-006 0.0
60 3.0740444644641796e-006 0.0
61 4.0096232145184954e-006 0.0
62 4.6778937502715775e-006 0.0
63 5.0046037899730846e-006 0.0
64 4.9155010518726738e-006 0.0
65 4.4105855359703443e-006 0.0
66 3.5047076986161663e-006 0.0
67 2.2275684525102751e-006 0.0
68 6.8312099210315103e-007 0.0
69 -1.0246814881547265e-006 0.0
70 -2.7621848811127410e-006 0.0
71 -4.3957350796202763e-006 0.0
72 -5.7471266074765095e-006 0.0
73 -6.7124062702309626e-006 0.0
74 -7.1727704170830862e-006 0.0
75 -7.0688172226326065e-006 0.0
76 -6.3559953178293186e-006 0.0
77 -5.0640056153733584e-006 0.0
78 -3.2819508533651385e-006 0.0
79 -1.0989337699050691e-006 0.0
80 1.2919897024559595e-006 0.0
81 3.7274645438671937e-006 0.0
82 5.9847339090776057e-006 0.0
83 7.8707418655363053e-006 0.0
84 9.2221333933925393e-006 0.0
85 9.8755534727955534e-006 0.0
86 9.7418993656449360e-006 0.0
87 8.7766197028904845e-006 0.0
88 7.0391163099324696e-006 0.0
89 4.6184919248713037e-006 0.0
90 1.6929520239078091e-006 0.0
91 -1.5444474604071240e-006 0.0
92 -4.8263983137722630e-006 0.0
93 -7.8855923218863733e-006 0.0
94 -1.0439870814098156e-005 0.0
95 -1.2266476945156582e-005 0.0
96 -1.3157504326160692e-005 0.0
97 -1.3008999762660006e-005 0.0
98 -1.1776411885604322e-005 0.0
99 -9.5042920640438405e-006 0.0
100 -6.3262944051291817e-006 0.0
101 -2.4651757541113709e-006 0.0
102 1.7820547620082201e-006 0.0
103 6.0886871035280854e-006 0.0
104 1.0113160774396649e-005 0.0
105 1.3484214365862199e-005 0.0
106 1.5904838750923366e-005 0.0
107 1.7122576171628982e-005 0.0
108 1.6974071608128295e-005 0.0
109 1.5429624147721172e-005 0.0
110 1.2518934703107746e-005 0.0
111 8.4647601195390455e-006 0.0
112 3.5047076986161663e-006 0.0
113 -1.9602602382090423e-006 0.0
114 -7.5143309131346613e-006 0.0
115 -1.2697140179308567e-005 0.0
116 -1.7063174346228707e-005 0.0
117 -2.0211471092443230e-005 0.0
118 -2.1830170834600697e-005 0.0
119 -2.1726217640150217e-005 0.0
120 -1.9810508770991379e-005 0.0
121 -1.6186997421574665e-005 0.0
122 -1.1078440437151102e-005 0.0
123 -4.8412487701223310e-006 0.0
124 2.0642134326595215e-006 0.0
125 9.0884792862419219e-006 0.0
126 1.5667231449322267e-005 0.0
127 2.1221302124247887e-005 0.0
128 2.5260626251466519e-005 0.0
129 2.7384241509526317e-005 0.0
130 2.7339690140476109e-005 0.0
131 2.5052719862565560e-005 0.0
132 2.0612433413895080e-005 0.0
133 1.4286139008765897e-005 0.0
134 6.5342007940301402e-006 0.0
135 -2.0642134326595215e-006 0.0
136 -1.0825982679199937e-005 0.0
137 -1.9053135497137885e-005 0.0
138 -2.6032849981670081e-005 0.0
139 -3.1141406966093643e-005 0.0
140 -3.3888741390856318e-005 0.0
141 -3.3962993672606658e-005 0.0
142 -3.1260210616894194e-005 0.0
143 -2.5869494961819329e-005 0.0
144 -1.8147257659783708e-005 0.0
145 -8.6578160520899351e-006 0.0
146 1.9157088691588365e-006 0.0
147 1.2711990635658637e-005 0.0
148 2.2884553235455558e-005 0.0
149 3.1542369287545493e-005 0.0
150 3.7942915974425022e-005 0.0
151 4.1462474129391256e-005 0.0
152 4.1714931887342419e-005 0.0
153 3.8551784684777825e-005 0.0
154 3.2106686628848099e-005 0.0
155 2.2795450497355150e-005 0.0
156 1.1286346826052061e-005 0.0
157 -1.5592979167571925e-006 0.0
158 -1.4746503155618021e-005 0.0
159 -2.7176335120625357e-005 0.0
160 -3.7838962779974539e-005 0.0
161 -4.5754256014561048e-005 0.0
162 -5.0209392919581603e-005 0.0
163 -5.0699457979133862e-005 0.0
164 -4.7061096173367076e-005 0.0
165 -3.9442812065781935e-005 0.0
166 -2.8319820259580630e-005 0.0
167 -1.4508895854016926e-005 0.0
168 9.8013011910452115e-007 0.0
169 1.6899819326377955e-005 0.0
170 3.1987882978047548e-005 0.0
171 4.4952331371657354e-005 0.0
172 5.4679380280952218e-005 0.0
173 6.0263151868577978e-005 0.0
174 6.1094777424181815e-005 0.0
175 5.6951500102512703e-005 0.0
176 4.8026375836121533e-005 0.0
177 3.4854021053610768e-005 0.0
178 1.8414565874084943e-005 0.0
179 -7.4252281750342504e-008 0.0
180 -1.9171939147938433e-005 0.0
181 -3.7304346351372076e-005 0.0
182 -5.2986428257044407e-005 0.0
183 -6.4837092424399070e-005 0.0
184 -7.1757405083530993e-005 0.0
185 -7.3034544329636885e-005 0.0
186 -6.8386351492065440e-005 0.0
187 -5.8005882503367561e-005 0.0
188 -4.2546557442946257e-005 0.0
189 -2.3122160537056657e-005 0.0
190 -1.1880365080054801e-006 0.0
191 2.1518311251249258e-005 0.0
192 4.3185127065999203e-005 0.0
193 6.1985804805185924e-005 0.0
194 7.6316495183002031e-005 0.0
195 8.4840657127941343e-005 0.0
196 8.6711814628049970e-005 0.0
197 8.1543855818226143e-005 0.0
198 6.9559537543720855e-005 0.0
199 5.1531083534737699e-005 0.0
200 2.8750483493732617e-005 0.0
201 2.9255399009634946e-006 0.0
202 -2.3924085179960355e-005 0.0
203 -4.9615374665578861e-005 0.0
204 -7.2039563754182299e-005 0.0
205 -8.9236392207561619e-005 0.0
206 -9.9661412565309708e-005 0.0
207 -1.0226024242657170e-004 0.0
208 -9.6602218557195597e-005 0.0
209 -8.2880396889732308e-005 0.0
210 -6.1985804805185924e-005 0.0
211 -3.5418338394913374e-005 0.0
212 -5.1976597225239750e-006 0.0
213 2.6344709565021520e-005 0.0
214 5.6639640519161261e-005 0.0
215 8.3192256473083736e-005 0.0
216 1.0373043760522847e-004 0.0
217 1.1638302641548684e-004 0.0
218 1.1991743502680314e-004 0.0
219 1.1375449564152471e-004 0.0
220 9.8146666017602727e-005 0.0
221 7.4088926730491757e-005 0.0
222 4.3303930716799747e-005 0.0
223 8.1083491671374007e-006 0.0
224 -2.8735633037382549e-005 0.0
225 -6.4272775083096470e-005 0.0
226 -9.5547836156340739e-005 0.0
227 -1.1991743502680314e-004 0.0
228 -1.3518370415467357e-004 0.0
229 -1.3986159790494514e-004 0.0
230 -1.3325314482916465e-004 0.0
231 -1.1559595222893320e-004 0.0
232 -8.8033505243206067e-005 0.0
233 -5.2540914566542353e-005 0.0
234 -1.1791262341954390e-005 0.0
235 3.1037453771643166e-005 0.0
236 7.2499927901034422e-005 0.0
237 1.0916570462935355e-004 0.0
238 1.3793103857943624e-004 0.0
239 1.5624165125907070e-004 0.0
240 1.6230063744989865e-004 0.0
241 1.5529122205266632e-004 0.0
242 1.3545101236897480e-004 0.0
243 1.0404229718857992e-004 0.0
244 6.3307495420342021e-005 0.0
245 1.6350352441425421e-005 0.0
246 -3.3190769942403100e-005 0.0
247 -8.1335949429325177e-005 0.0
248 -1.2412011417387253e-004 0.0
249 -1.5790490237027838e-004 0.0
250 -1.7973507320487907e-004 0.0
251 -1.8747216096326474e-004 0.0
252 -1.8015088598268098e-004 0.0
253 -1.5796430419567865e-004 0.0
254 -1.2233805941186431e-004 0.0
255 -7.5826430123449758e-005 0.0
256 -2.1934124029051176e-005 0.0
257 3.5121329267912006e-005 0.0
258 9.0780839667968749e-005 0.0
259 1.4047046661529796e-004 0.0
260 1.7998753096283023e-004 0.0
261 2.0585702592464954e-004 0.0
262 2.1562862620299464e-004 0.0
263 2.0808459437715983e-004 0.0
264 1.8341798637969606e-004 0.0
265 1.4318810012736049e-004 0.0
266 9.0290774608416490e-005 0.0
267 2.8720782581032481e-005 0.0
268 -3.6725178553719402e-005 0.0
269 -1.0081974816061506e-004 0.0
270 -1.5829101423538015e-004 0.0
271 -2.0431257846424244e-004 0.0
272 -2.3484511671998328e-004 0.0
273 -2.4702249092703943e-004 0.0
274 -2.3938935636310424e-004 0.0
275 -2.1209421759167834e-004 0.0
276 -1.6685972754936968e-004 0.0
277 -1.0693813617684328e-004 0.0
278 -3.6858832660870021e-005 0.0
279 3.7928065518074954e-005 0.0
280 1.1143782445091403e-004 0.0
281 1.7767085977221954e-004 0.0
282 2.3104339989436573e-004 0.0
283 2.6692210243613125e-004 0.0
284 2.8193591380605050e-004 0.0
285 2.7437703152386562e-004 0.0
286 2.4430485741497689e-004 0.0
287 1.9364995080489326e-004 0.0
288 1.2603582304303136e-004 0.0
289 4.6556180657464750e-005 0.0
290 -3.8596336053828036e-005 0.0
291 -1.2262021808251560e-004 0.0
292 -1.9866940505121640e-004 0.0
293 -2.6035820072940096e-004 0.0
294 -3.0231073991834445e-004 0.0
295 -3.2066590396702914e-004 0.0
296 -3.1337432989914549e-004 0.0
297 -2.8043601771469355e-004 0.0
298 -2.2391518084633285e-004 0.0
299 -1.4786599387763206e-004 0.0
300 -5.8035583416067704e-005 0.0
301 3.8611186510178104e-005 0.0
302 1.3435207859906973e-004 0.0
303 2.2136090235412107e-004 0.0
304 2.9240548553284877e-004 0.0
305 3.4129318783727427e-004 0.0
306 3.6355402190602694e-004 0.0
307 3.5676736335404566e-004 0.0
308 3.2082925898687986e-004 0.0
309 2.5798212771339002e-004 0.0
310 1.7274050826399681e-004 0.0
311 7.1504947325579836e-005 0.0
312 -3.7824112323624471e-005 0.0
313 -1.4655915371882604e-004 0.0
314 -2.4584930487538402e-004 0.0
315 -3.2737831023726011e-004 0.0
316 -3.8413675440722190e-004 0.0
317 -4.1095667857544564e-004 0.0
318 -4.0497194466636803e-004 0.0
319 -3.6593009492203794e-004 0.0
320 -2.9629630509656670e-004 0.0
321 -2.0101577715452723e-004 0.0
322 -8.7276131969352583e-005 0.0
323 3.6071758474316388e-005 0.0
324 1.5924144344178453e-004 0.0
325 2.7217916398405550e-004 0.0
326 3.6549943168788594e-004 0.0
327 4.3118300012423891e-004 0.0
328 4.6327483629673695e-004 0.0
329 4.5841873707026456e-004 0.0
330 4.1621374012336989e-004 0.0
331 3.3927352577366496e-004 0.0
332 2.3307791241432513e-004 0.0
333 1.0563129601803725e-004 0.0
334 -3.3190769942403100e-005 0.0
335 -1.7230984502984481e-004 0.0
336 -3.0046928333093596e-004 0.0
337 -4.0699160672997734e-004 0.0
338 5.9401825400274001e-008 0.0
339 -5.2093915830405291e-004 0.0
340 -5.1762750653798766e-004 0.0
341 -4.7219996056312814e-004 0.0
342 -3.8743355571693711e-004 0.0
343 -2.6937242773389256e-004 0.0
344 -1.2689714951133533e-004 0.0
345 2.8943539426283508e-005 0.0
346 1.8574950802665679e-004 0.0
347 3.3082361611047601e-004 0.0
348 4.5212214357783550e-004 0.0
349 5.3927947189638756e-004 0.0
350 5.8448426102599609e-004 0.0
351 5.8319227132354009e-004 0.0
352 5.3448277449531540e-004 0.0
353 4.4135556272403582e-004 0.0
354 3.1040423862913183e-004 0.0
355 1.5147465477069870e-004 0.0
356 -2.3107310080706586e-005 0.0
357 -1.9948618015047016e-004 0.0
358 -3.6336096597347608e-004 0.0
359 -5.0118805135846182e-004 0.0
360 -6.0120587487617319e-004 0.0
361 -6.5448931226021894e-004 0.0
362 -6.5573675059362477e-004 0.0
363 -6.0377500382473499e-004 0.0
364 -5.0169296687436419e-004 0.0
365 -3.5673766244134552e-004 0.0
366 -1.7980932548662942e-004 0.0
367 1.5414773691371104e-005 0.0
368 2.1343075866318449e-004 0.0
369 3.9822983748343693e-004 0.0
370 5.5453089056790785e-004 0.0
371 6.6904275948328606e-004 0.0
372 7.3160773208612469e-004 0.0
373 7.3606286899114521e-004 0.0
374 6.8083402182524046e-004 0.0
375 5.6920314144177561e-004 0.0
376 4.0905582016263683e-004 0.0
377 2.1239122671867970e-004 0.0
378 -5.5540706749256190e-006 0.0
379 -2.2753869219574956e-004 0.0
380 -4.3560843611655935e-004 0.0
381 -6.1258132444032569e-004 0.0
382 -7.4345839625347937e-004 0.0
383 -8.1665629560296704e-004 0.0
384 -8.2504680344075573e-004 0.0
385 -7.6663995861593625e-004 0.0
386 -6.4480681471997426e-004 0.0
387 -4.6813093552320933e-004 0.0
388 -2.4982922717720237e-004 0.0
389 -6.8163594646814422e-006 0.0
390 2.4172087801006500e-004 0.0
391 4.7570466826174431e-004 0.0
392 6.7584426849161749e-004 0.0
393 8.2518045754790626e-004 0.0
394 9.1058543201715024e-004 0.0
395 9.2380233816871118e-004 0.0
396 8.6230659842307755e-004 0.0
397 7.2955836910981525e-004 0.0
398 5.3488373681676721e-004 0.0
399 2.9283614876700077e-004 0.0
400 2.2112329505251996e-005 0.0
401 -2.5590306382438038e-004 0.0
402 -5.1880069258964311e-004 0.0
403 -7.4491374097578609e-004 0.0
404 -9.1515937257297131e-004 0.0
405 -1.0145534769239798e-003 0.0
406 -1.0336214628774679e-003 0.0
407 -9.6918533277452052e-004 0.0
408 -8.2474979431375437e-004 0.0
409 -6.1045770918226588e-004 0.0
410 -3.4225846750002872e-004 0.0
411 -4.0838754962688378e-005 0.0
412 2.6999614690059542e-004 0.0
413 5.6523806959630726e-004 0.0
414 8.2057681607938511e-004 0.0
415 1.0144940750985796e-003 0.0
416 1.1300009245894123e-003 0.0
417 1.1561228773091829e-003 0.0
418 1.0889394127814730e-003 0.0
419 9.3199979007394906e-004 0.0
420 6.9621909460391149e-004 0.0
421 3.9912086486444101e-004 0.0
422 6.3589654090993313e-005 0.0
423 -2.8392587495695967e-004 0.0
424 -6.1546231297223894e-004 0.0
425 -9.0379877346516890e-004 0.0
426 -1.1246547603033876e-003 0.0
427 -1.2587098297754560e-003 0.0
428 -1.2933262435274658e-003 0.0
429 -1.2236776032456445e-003 0.0
430 -1.0532537661722583e-003 0.0
431 -7.9386084510561187e-004 0.0
432 -4.6471533056269358e-004 0.0
433 -9.1092699251320178e-005 0.0
434 2.9757344434267261e-004 0.0
435 6.7006744097144078e-004 0.0
436 9.9582705146654339e-004 0.0
437 1.2474383334057540e-003 0.0
438 1.4029671627600214e-003 0.0
439 1.4478006904808784e-003 0.0
440 1.3760284349409971e-003 0.0
441 1.1910660011008941e-003 0.0
442 9.0556597777082708e-004 0.0
443 5.4064571388059382e-004 0.0
444 1.2425376828102314e-004 0.0
445 -3.1087945323233400e-004 0.0
446 -7.2984052778046651e-004 0.0
447 -1.0982654993693160e-003 0.0
448 -1.3852208674216895e-003 0.0
449 -1.5657133139004222e-003 0.0
450 -1.6228578699354857e-003 0.0
451 -1.5494372137407472e-003 0.0
452 -1.3486590438878210e-003 0.0
453 -1.0341412288497201e-003 0.0
454 -6.2900592916350143e-004 0.0
455 -1.6423119677540755e-004 0.0
456 3.2373994843149331e-004 0.0
457 7.9579140443112077e-004 0.0
458 1.2132822838005965e-003 0.0
459 1.5411506590974088e-003 0.0
460 1.7508688036730763e-003 0.0
461 1.8228935169709085e-003 0.0
462 1.7484333288316650e-003 0.0
463 1.5303543773309090e-003 0.0
464 1.1832695115171080e-003 0.0
465 7.3254331083617895e-004 0.0
466 2.1253973128218038e-004 0.0
467 -3.3608067765840025e-004 0.0
468 -8.6939026610206025e-004 0.0
469 -1.3437583932922983e-003 0.0
470 -1.7194155371236311e-003 0.0
471 -1.9636758431695578e-003 0.0
472 -2.0538181132144736e-003 0.0
473 -1.9791054673172792e-003 0.0
474 -1.7419288289503350e-003 0.0
475 -1.3579257286502637e-003 0.0
476 -8.5497047298614378e-004 0.0
477 -2.7119903386495095e-004 0.0
478 3.4779768771860429e-004 0.0
479 9.5258252257514396e-004 0.0
480 1.4937331519716400e-003 0.0
481 1.9258665813022835e-003 0.0
482 2.2114111560014005e-003 0.0
483 2.3238142601150692e-003 0.0
484 2.2499332397734784e-003 0.0
485 1.9914461965441859e-003 0.0
486 1.5650450433646690e-003 0.0
487 1.0013959725978191e-003 0.0
488 3.4304554168658236e-004 0.0
489 -3.5880187587400506e-004 0.0
490 -1.0482046110132351e-003 0.0
491 -1.6688794341643480e-003 0.0
492 -2.1687754958203539e-003 0.0
493 -2.5043958093319018e-003 0.0
494 -2.6445098649947982e-003 0.0
495 -2.5729752167565185e-003 0.0
496 -2.2903858828710647e-003 0.0
497 -1.8145178595894698e-003 0.0
498 -1.1792004864771893e-003 0.0
499 -4.3205917704889295e-004 0.0
500 3.6903384029920224e-004 0.0
501 1.1603998087380027e-003 0.0
502 1.8775134954264604e-003 0.0
503 2.4602305521467982e-003 0.0
504 2.8577624181817820e-003 0.0
505 3.0330275040252905e-003 0.0
506 2.9659925440610811e-003 0.0
507 2.6557368099954502e-003 0.0
508 2.1210312786548837e-003 0.0
509 1.3993139504979047e-003 0.0
510 5.4422467386096036e-004 0.0
511 -3.7841932871244551e-004 0.0
512 -1.2954795596982257e-003 0.0
513 -2.1322879245682354e-003 0.0
514 -2.8186760170684018e-003 0.0
515 -3.2946479935444472e-003 0.0
516 -3.5156079335771162e-003 0.0
517 -3.4563843136530431e-003 0.0
518 -3.1137397342879129e-003 0.0
519 -2.5073361996892155e-003 0.0
520 -1.6787549876371437e-003 0.0
521 -6.8880871688522724e-004 0.0
522 3.8686923837563452e-004 0.0
523 1.4634085201048002e-003 0.0
524 2.4533547908567165e-003 0.0
525 3.2736048968964003e-003 0.0
526 3.8522232276641190e-003 0.0
527 4.1346343560733721e-003 0.0
528 4.0885385395627591e-003 0.0
529 3.7071788204930001e-003 0.0
530 3.0107369690438378e-003 0.0
531 2.0455464090274856e-003 0.0
532 8.8119637890036475e-004 0.0
533 -3.9432416746336890e-004 0.0
534 -1.6810568083714041e-003 0.0
535 -2.8747661907026103e-003 0.0
536 -3.8751820331813249e-003 0.0
537 -4.5941223260008417e-003 0.0
538 -4.9631116149309934e-003 0.0
539 -4.9394993893343841e-003 0.0
540 -4.5108261163333075e-003 0.0
541 -3.6968874542424026e-003 0.0
542 -2.5493481407035594e-003 0.0
543 -1.1487867518722491e-003 0.0
544 4.0073956460659851e-004 0.0
545 1.9790757664045790e-003 0.0
546 3.4590128444270053e-003 0.0
547 4.7161633762857046e-003 0.0
548 5.6390301357043615e-003 0.0
549 6.1384509827571649e-003 0.0
550 6.1556329607541944e-003 0.0
551 5.6680627778687449e-003 0.0
552 4.6929075616414968e-003 0.0
553 3.2873712699329136e-003 0.0
554 1.5457988519349804e-003 0.0
555 -4.0605602797992303e-004 0.0
556 -2.4195848531166609e-003 0.0
557 -4.3341353866801925e-003 0.0
558 -5.9890256909627760e-003 0.0
559 -7.2363749216304294e-003 0.0
560 -7.9532807019299864e-003 0.0
561 -8.0528827126698961e-003 0.0
562 -7.4929165550778627e-003 0.0
563 -6.2814757278646747e-003 0.0
564 -4.4790164388314605e-003 0.0
565 -2.1965309987386321e-003 0.0
566 4.1022900621429228e-004 0.0
567 3.1502867073654314e-003 0.0
568 5.8101222433135005e-003 0.0
569 8.1687608235694806e-003 0.0
570 1.0014227034192493e-002 0.0
571 1.1160311003009030e-002 0.0
572 1.1462398986082123e-002 0.0
573 1.0831120937097061e-002 0.0
574 9.2428497800008842e-003 0.0
575 6.7460871052329174e-003 0.0
576 3.4631561217486743e-003 0.0
577 -4.1324364885335618e-004 0.0
578 -4.6285011324512498e-003 0.0
579 -8.8792957580948583e-003 0.0
580 -1.2830690333264734e-002 0.0
581 -1.6136446468159031e-002 0.0
582 -1.8460914148353505e-002 0.0
583 -1.9501411372521055e-002 0.0
584 -1.9009549407750435e-002 0.0
585 -1.6809914663634639e-002 0.0
586 -1.2815156755922562e-002 0.0
587 -7.0358492095354544e-003 0.0
588 4.1505540452806453e-004 0.0
589 9.3241708789738604e-003 0.0
590 1.9385696616641319e-002 0.0
591 3.0215347358559724e-002 0.0
592 4.1369421169901728e-002 0.0
593 5.2367891899607708e-002 0.0
594 6.2720248974434914e-002 0.0
595 7.1952436126776445e-002 0.0
596 7.9633255506051728e-002 0.0
597 8.5398796679402325e-002 0.0
598 8.8973138167843954e-002 0.0
599 9.0184088929997588e-002 0.0
600 8.8973138167843954e-002 0.0
601 8.5398796679402325e-002 0.0
602 7.9633255506051728e-002 0.0
603 7.1952436126776445e-002 0.0
604 6.2720248974434914e-002 0.0
605 5.2367891899607708e-002 0.0
606 4.1369421169901728e-002 0.0
607 3.0215347358559724e-002 0.0
608 1.9385696616641319e-002 0.0
609 9.3241708789738604e-003 0.0
610 4.1505540452806453e-004 0.0
611 -7.0358492095354544e-003 0.0
612 -1.2815156755922562e-002 0.0
613 -1.6809914663634639e-002 0.0
614 -1.9009549407750435e-002 0.0
615 -1.9501411372521055e-002 0.0
616 -1.8460914148353505e-002 0.0
617 -1.6136446468159031e-002 0.0
618 -1.2830690333264734e-002 0.0
619 -8.8792957580948583e-003 0.0
620 -4.6285011324512498e-003 0.0
621 -4.1324364885335618e-004 0.0
622 3.4631561217486743e-003 0.0
623 6.7460871052329174e-003 0.0
624 9.2428497800008842e-003 0.0
625 1.0831120937097061e-002 0.0
626 1.1462398986082123e-002 0.0
627 1.1160311003009030e-002 0.0
628 1.0014227034192493e-002 0.0
629 8.1687608235694806e-003 0.0
630 5.8101222433135005e-003 0.0
631 3.1502867073654314e-003 0.0
632 4.1022900621429228e-004 0.0
633 -2.1965309987386321e-003 0.0
634 -4.4790164388314605e-003 0.0
635 -6.2814757278646747e-003 0.0
636 -7.4929165550778627e-003 0.0
637 -8.0528827126698961e-003 0.0
638 -7.9532807019299864e-003 0.0
639 -7.2363749216304294e-003 0.0
640 -5.9890256909627760e-003 0.0
641 -4.3341353866801925e-003 0.0
642 -2.4195848531166609e-003 0.0
643 -4.0605602797992303e-004 0.0
644 1.5457988519349804e-003 0.0
645 3.2873712699329136e-003 0.0
646 4.6929075616414968e-003 0.0
647 5.6680627778687449e-003 0.0
648 6.1556329607541944e-003 0.0
649 6.1384509827571649e-003 0.0
650 5.6390301357043615e-003 0.0
651 4.7161633762857046e-003 0.0
652 3.4590128444270053e-003 0.0
653 1.9790757664045790e-003 0.0
654 4.0073956460659851e-004 0.0
655 -1.1487867518722491e-003 0.0
656 -2.5493481407035594e-003 0.0
657 -3.6968874542424026e-003 0.0
658 -4.5108261163333075e-003 0.0
659 -4.9394993893343841e-003 0.0
660 -4.9631116149309934e-003 0.0
661 -4.5941223260008417e-003 0.0
662 -3.8751820331813249e-003 0.0
663 -2.8747661907026103e-003 0.0
664 -1.6810568083714041e-003 0.0
665 -3.9432416746336890e-004 0.0
666 8.8119637890036475e-004 0.0
667 2.0455464090274856e-003 0.0
668 3.0107369690438378e-003 0.0
669 3.7071788204930001e-003 0.0
670 4.0885385395627591e-003 0.0
671 4.1346343560733721e-003 0.0
672 3.8522232276641190e-003 0.0
673 3.2736048968964003e-003 0.0
674 2.4533547908567165e-003 0.0
675 1.4634085201048002e-003 0.0
676 3.8686923837563452e-004 0.0
677 -6.8880871688522724e-004 0.0
678 -1.6787549876371437e-003 0.0
679 4.1238232238505218e-004 0.0
680 -3.1137397342879129e-003 0.0
681 -3.4563843136530431e-003 0.0
682 -3.5156079335771162e-003 0.0
683 -3.2946479935444472e-003 0.0
684 -2.8186760170684018e-003 0.0
685 -2.1322879245682354e-003 0.0
686 -1.2954795596982257e-003 0.0
687 -3.7841932871244551e-004 0.0
688 5.4422467386096036e-004 0.0
689 1.3993139504979047e-003 0.0
690 2.1210312786548837e-003 0.0
691 2.6557368099954502e-003 0.0
692 2.9659925440610811e-003 0.0
693 3.0330275040252905e-003 0.0
694 2.8577624181817820e-003 0.0
695 2.4602305521467982e-003 0.0
696 1.8775134954264604e-003 0.0
697 1.1603998087380027e-003 0.0
698 3.6903384029920224e-004 0.0
699 -4.3205917704889295e-004 0.0
700 -1.1792004864771893e-003 0.0
701 -1.8145178595894698e-003 0.0
702 -2.2903858828710647e-003 0.0
703 -2.5729752167565185e-003 0.0
704 -2.6445098649947982e-003 0.0
705 -2.5043958093319018e-003 0.0
706 -2.1687754958203539e-003 0.0
707 -1.6688794341643480e-003 0.0
708 -1.0482046110132351e-003 0.0
709 -3.5880187587400506e-004 0.0
710 3.4304554168658236e-004 0.0
711 1.0013959725978191e-003 0.0
712 1.5650450433646690e-003 0.0
713 1.9914461965441859e-003 0.0
714 2.2499332397734784e-003 0.0
715 2.3238142601150692e-003 0.0
716 2.2114111560014005e-003 0.0
717 1.9258665813022835e-003 0.0
718 1.4937331519716400e-003 0.0
719 9.5258252257514396e-004 0.0
720 3.4779768771860429e-004 0.0
721 -2.7119903386495095e-004 0.0
722 -8.5497047298614378e-004 0.0
723 -1.3579257286502637e-003 0.0
724 -1.7419288289503350e-003 0.0
725 -1.9791054673172792e-003 0.0
726 -2.0538181132144736e-003 0.0
727 -1.9636758431695578e-003 0.0
728 -1.7194155371236311e-003 0.0
729 -1.3437583932922983e-003 0.0
730 -8.6939026610206025e-004 0.0
731 -3.3608067765840025e-004 0.0
732 2.1253973128218038e-004 0.0
733 7.3254331083617895e-004 0.0
734 1.1832695115171080e-003 0.0
735 1.5303543773309090e-003 0.0
736 1.7484333288316650e-003 0.0
737 1.8228935169709085e-003 0.0
738 1.7508688036730763e-003 0.0
739 1.5411506590974088e-003 0.0
740 1.2132822838005965e-003 0.0
741 7.9579140443112077e-004 0.0
742 3.2373994843149331e-004 0.0
743 -1.6423119677540755e-004 0.0
744 -6.2900592916350143e-004 0.0
745 -1.0341412288497201e-003 0.0
746 -1.3486590438878210e-003 0.0
747 -1.5494372137407472e-003 0.0
748 -1.6228578699354857e-003 0.0
749 -1.5657133139004222e-003 0.0
750 -1.3852208674216895e-003 0.0
751 -1.0982654993693160e-003 0.0
752 -7.2984052778046651e-004 0.0
753 -3.1087945323233400e-004 0.0
754 1.2425376828102314e-004 0.0
755 5.4064571388059382e-004 0.0
756 9.0556597777082708e-004 0.0
757 1.1910660011008941e-003 0.0
758 1.3760284349409971e-003 0.0
759 1.4478006904808784e-003 0.0
760 1.4029671627600214e-003 0.0
761 1.2474383334057540e-003 0.0
762 9.9582705146654339e-004 0.0
763 6.7006744097144078e-004 0.0
764 2.9757344434267261e-004 0.0
765 -9.1092699251320178e-005 0.0
766 -4.6471533056269358e-004 0.0
767 -7.9386084510561187e-004 0.0
768 -1.0532537661722583e-003 0.0
769 -1.2236776032456445e-003 0.0
770 -1.2933262435274658e-003 0.0
771 -1.2587098297754560e-003 0.0
772 -1.1246547603033876e-003 0.0
773 -9.0379877346516890e-004 0.0
774 -6.1546231297223894e-004 0.0
775 -2.8392587495695967e-004 0.0
776 6.3589654090993313e-005 0.0
777 3.9912086486444101e-004 0.0
778 6.9621909460391149e-004 0.0
779 9.3199979007394906e-004 0.0
780 1.0889394127814730e-003 0.0
781 1.1561228773091829e-003 0.0
782 1.1300009245894123e-003 0.0
783 1.0144940750985796e-003 0.0
784 8.2057681607938511e-004 0.0
785 5.6523806959630726e-004 0.0
786 2.6999614690059542e-004 0.0
787 -4.0838754962688378e-005 0.0
788 -3.4225846750002872e-004 0.0
789 -6.1045770918226588e-004 0.0
790 -8.2474979431375437e-004 0.0
791 -9.6918533277452052e-004 0.0
792 -1.0336214628774679e-003 0.0
793 -1.0145534769239798e-003 0.0
794 -9.1515937257297131e-004 0.0
795 -7.4491374097578609e-004 0.0
796 -5.1880069258964311e-004 0.0
797 -2.5590306382438038e-004 0.0
798 2.2112329505251996e-005 0.0
799 2.9283614876700077e-004 0.0
800 5.3488373681676721e-004 0.0
801 7.2955836910981525e-004 0.0
802 8.6230659842307755e-004 0.0
803 9.2380233816871118e-004 0.0
804 9.1058543201715024e-004 0.0
805 8.2518045754790626e-004 0.0
806 6.7584426849161749e-004 0.0
807 4.7570466826174431e-004 0.0
808 2.4172087801006500e-004 0.0
809 -6.8163594646814422e-006 0.0
810 -2.4982922717720237e-004 0.0
811 -4.6813093552320933e-004 0.0
812 -6.4480681471997426e-004 0.0
813 -7.6663995861593625e-004 0.0
814 -8.2504680344075573e-004 0.0
815 -8.1665629560296704e-004 0.0
816 -7.4345839625347937e-004 0.0
817 -6.1258132444032569e-004 0.0
818 -4.3560843611655935e-004 0.0
819 -2.2753869219574956e-004 0.0
820 -5.5540706749256190e-006 0.0
821 2.1239122671867970e-004 0.0
822 4.0905582016263683e-004 0.0
823 5.6920314144177561e-004 0.0
824 6.8083402182524046e-004 0.0
825 7.3606286899114521e-004 0.0
826 7.3160773208612469e-004 0.0
827 6.6904275948328606e-004 0.0
828 5.5453089056790785e-004 0.0
829 3.9822983748343693e-004 0.0
830 2.1343075866318449e-004 0.0
831 1.5414773691371104e-005 0.0
832 -1.7980932548662942e-004 0.0
833 -3.5673766244134552e-004 0.0
834 -5.0169296687436419e-004 0.0
835 -6.0377500382473499e-004 0.0
836 -6.5573675059362477e-004 0.0
837 -6.5448931226021894e-004 0.0
838 -6.0120587487617319e-004 0.0
839 -5.0118805135846182e-004 0.0
840 -3.6336096597347608e-004 0.0
841 -1.9948618015047016e-004 0.0
842 -2.3107310080706586e-005 0.0
843 1.5147465477069870e-004 0.0
844 3.1040423862913183e-004 0.0
845 4.4135556272403582e-004 0.0
846 5.3448277449531540e-004 0.0
847 5.8319227132354009e-004 0.0
848 5.8448426102599609e-004 0.0
849 5.3927947189638756e-004 0.0
850 4.5212214357783550e-004 0.0
851 3.3082361611047601e-004 0.0
852 1.8574950802665679e-004 0.0
853 2.8943539426283508e-005 0.0
854 -1.2689714951133533e-004 0.0
855 -2.6937242773389256e-004 0.0
856 -3.8743355571693711e-004 0.0
857 -4.7219996056312814e-004 0.0
858 -5.1762750653798766e-004 0.0
859 -5.2093915830405291e-004 0.0
860 -4.8275863502802681e-004 0.0
861 -4.0699160672997734e-004 0.0
862 -3.0046928333093596e-004 0.0
863 -1.7230984502984481e-004 0.0
864 -3.3190769942403100e-005 0.0
865 1.0563129601803725e-004 0.0
866 2.3307791241432513e-004 0.0
867 3.3927352577366496e-004 0.0
868 4.1621374012336989e-004 0.0
869 4.5841873707026456e-004 0.0
870 4.6327483629673695e-004 0.0
871 4.3118300012423891e-004 0.0
872 3.6549943168788594e-004 0.0
873 2.7217916398405550e-004 0.0
874 1.5924144344178453e-004 0.0
875 3.6071758474316388e-005 0.0
876 -8.7276131969352583e-005 0.0
877 -2.0101577715452723e-004 0.0
878 -2.9629630509656670e-004 0.0
879 -3.6593009492203794e-004 0.0
880 -4.0497194466636803e-004 0.0
881 -4.1095667857544564e-004 0.0
882 -3.8413675440722190e-004 0.0
883 -3.2737831023726011e-004 0.0
884 -2.4584930487538402e-004 0.0
885 -1.4655915371882604e-004 0.0
886 -3.7824112323624471e-005 0.0
887 7.1504947325579836e-005 0.0
888 1.7274050826399681e-004 0.0
889 2.5798212771339002e-004 0.0
890 3.2082925898687986e-004 0.0
891 3.5676736335404566e-004 0.0
892 3.6355402190602694e-004 0.0
893 3.4129318783727427e-004 0.0
894 2.9240548553284877e-004 0.0
895 2.2136090235412107e-004 0.0
896 1.3435207859906973e-004 0.0
897 3.8611186510178104e-005 0.0
898 -5.8035583416067704e-005 0.0
899 -1.4786599387763206e-004 0.0
900 -2.2391518084633285e-004 0.0
901 -2.8043601771469355e-004 0.0
902 -3.1337432989914549e-004 0.0
903 -3.2066590396702914e-004 0.0
904 -3.0231073991834445e-004 0.0
905 -2.6035820072940096e-004 0.0
906 -1.9866940505121640e-004 0.0
907 -1.2262021808251560e-004 0.0
908 -3.8596336053828036e-005 0.0
909 4.6556180657464750e-005 0.0
910 1.2603582304303136e-004 0.0
911 1.9364995080489326e-004 0.0
912 2.4430485741497689e-004 0.0
913 2.7437703152386562e-004 0.0
914 2.8193591380605050e-004 0.0
915 2.6692210243613125e-004 0.0
916 2.3104339989436573e-004 0.0
917 1.7767085977221954e-004 0.0
918 1.1143782445091403e-004 0.0
919 3.7928065518074954e-005 0.0
920 -3.6858832660870021e-005 0.0
921 -1.0693813617684328e-004 0.0
922 -1.6685972754936968e-004 0.0
923 -2.1209421759167834e-004 0.0
924 -2.3938935636310424e-004 0.0
925 -2.4702249092703943e-004 0.0
926 -2.3484511671998328e-004 0.0
927 -2.0431257846424244e-004 0.0
928 -1.5829101423538015e-004 0.0
929 -1.0081974816061506e-004 0.0
930 -3.6725178553719402e-005 0.0
931 2.8720782581032481e-005 0.0
932 9.0290774608416490e-005 0.0
933 1.4318810012736049e-004 0.0
934 1.8341798637969606e-004 0.0
935 2.0808459437715983e-004 0.0
936 2.1562862620299464e-004 0.0
937 2.0585702592464954e-004 0.0
938 1.7998753096283023e-004 0.0
939 1.4047046661529796e-004 0.0
940 9.0780839667968749e-005 0.0
941 3.5121329267912006e-005 0.0
942 -2.1934124029051176e-005 0.0
943 -7.5826430123449758e-005 0.0
944 -1.2233805941186431e-004 0.0
945 -1.5796430419567865e-004 0.0
946 -1.8015088598268098e-004 0.0
947 -1.8747216096326474e-004 0.0
948 -1.7973507320487907e-004 0.0
949 -1.5790490237027838e-004 0.0
950 -1.2412011417387253e-004 0.0
951 -8.1335949429325177e-005 0.0
952 -3.3190769942403100e-005 0.0
953 1.6350352441425421e-005 0.0
954 6.3307495420342021e-005 0.0
955 1.0404229718857992e-004 0.0
956 1.3545101236897480e-004 0.0
957 1.5529122205266632e-004 0.0
958 1.6230063744989865e-004 0.0
959 1.5624165125907070e-004 0.0
960 1.3793103857943624e-004 0.0
961 1.0916570462935355e-004 0.0
962 7.2499927901034422e-005 0.0
963 3.1037453771643166e-005 0.0
964 -1.1791262341954390e-005 0.0
965 -5.2540914566542353e-005 0.0
966 -8.8033505243206067e-005 0.0
967 -1.1559595222893320e-004 0.0
968 -1.3325314482916465e-004 0.0
969 -1.3986159790494514e-004 0.0
970 -1.3518370415467357e-004 0.0
971 -1.1991743502680314e-004 0.0
972 -9.5547836156340739e-005 0.0
973 -6.4272775083096470e-005 0.0
974 -2.8735633037382549e-005 0.0
975 8.1083491671374007e-006 0.0
976 4.3303930716799747e-005 0.0
977 7.4088926730491757e-005 0.0
978 9.8146666017602727e-005 0.0
979 1.1375449564152471e-004 0.0
980 1.1991743502680314e-004 0.0
981 1.1638302641548684e-004 0.0
982 1.0373043760522847e-004 0.0
983 8.3192256473083736e-005 0.0
984 5.6639640519161261e-005 0.0
985 2.6344709565021520e-005 0.0
986 -5.1976597225239750e-006 0.0
987 -3.5418338394913374e-005 0.0
988 -6.1985804805185924e-005 0.0
989 -8.2880396889732308e-005 0.0
990 -9.6602218557195597e-005 0.0
991 -1.0226024242657170e-004 0.0
992 -9.9661412565309708e-005 0.0
993 -8.9236392207561619e-005 0.0
994 -7.2039563754182299e-005 0.0
995 -4.9615374665578861e-005 0.0
996 -2.3924085179960355e-005 0.0
997 2.9255399009634946e-006 0.0
998 2.8750483493732617e-005 0.0
999 5.1531083534737699e-005 0.0
1000 6.9559537543720855e-005 0.0
1001 8.1543855818226143e-005 0.0
1002 8.6711814628049970e-005 0.0
1003 8.4840657127941343e-005 0.0
1004 7.6316495183002031e-005 0.0
1005 6.1985804805185924e-005 0.0
1006 4.3185127065999203e-005 0.0
1007 2.1518311251249258e-005 0.0
1008 -1.1880365080054801e-006 0.0
1009 -2.3122160537056657e-005 0.0
1010 -4.2546557442946257e-005 0.0
1011 -5.8005882503367561e-005 0.0
1012 -6.8386351492065440e-005 0.0
1013 -7.3034544329636885e-005 0.0
1014 -7.1757405083530993e-005 0.0
1015 -6.4837092424399070e-005 0.0
1016 -5.2986428257044407e-005 0.0
1017 -3.7304346351372076e-005 0.0
1018 -1.9171939147938433e-005 0.0
1019 -7.4252281750342504e-008 0.0
1020 1.8414565874084943e-005 0.0
1021 3.4854021053610768e-005 0.0
1022 4.8026375836121533e-005 0.0
1023 5.6951500102512703e-005 0.0
1024 6.1094777424181815e-005 0.0
1025 6.0263151868577978e-005 0.0
1026 5.4679380280952218e-005 0.0
1027 4.4952331371657354e-005 0.0
1028 3.1987882978047548e-005 0.0
1029 1.6899819326377955e-005 0.0
1030 9.8013011910452115e-007 0.0
1031 -1.4508895854016926e-005 0.0
1032 -2.8319820259580630e-005 0.0
1033 -3.9442812065781935e-005 0.0
1034 -4.7061096173367076e-005 0.0
1035 -5.0699457979133862e-005 0.0
1036 -5.0209392919581603e-005 0.0
1037 -4.5754256014561048e-005 0.0
1038 -3.7838962779974539e-005 0.0
1039 -2.7176335120625357e-005 0.0
1040 -1.4746503155618021e-005 0.0
1041 -1.5592979167571925e-006 0.0
1042 1.1286346826052061e-005 0.0
1043 2.2795450497355150e-005 0.0
1044 3.2106686628848099e-005 0.0
1045 3.8551784684777825e-005 0.0
1046 4.1714931887342419e-005 0.0
1047 4.1462474129391256e-005 0.0
1048 3.7942915974425022e-005 0.0
1049 3.1542369287545493e-005 0.0
1050 2.2884553235455558e-005 0.0
1051 1.2711990635658637e-005 0.0
1052 1.9157088691588365e-006 0.0
1053 -8.6578160520899351e-006 0.0
1054 -1.8147257659783708e-005 0.0
1055 -2.5869494961819329e-005 0.0
1056 -3.1260210616894194e-005 0.0
1057 -3.3962993672606658e-005 0.0
1058 -3.3888741390856318e-005 0.0
1059 -3.1141406966093643e-005 0.0
1060 -2.6032849981670081e-005 0.0
1061 -1.9053135497137885e-005 0.0
1062 -1.0825982679199937e-005 0.0
1063 -2.0642134326595215e-006 0.0
1064 6.5342007940301402e-006 0.0
1065 1.4286139008765897e-005 0.0
1066 2.0612433413895080e-005 0.0
1067 2.5052719862565560e-005 0.0
1068 2.7339690140476109e-005 0.0
1069 2.7384241509526317e-005 0.0
1070 2.5260626251466519e-005 0.0
1071 2.1221302124247887e-005 0.0
1072 1.5667231449322267e-005 0.0
1073 9.0884792862419219e-006 0.0
1074 2.0642134326595215e-006 0.0
1075 -4.8412487701223310e-006 0.0
1076 -1.1078440437151102e-005 0.0
1077 -1.6186997421574665e-005 0.0
1078 -1.9810508770991379e-005 0.0
1079 -2.1726217640150217e-005 0.0
1080 -2.1830170834600697e-005 0.0
1081 -2.0211471092443230e-005 0.0
1082 -1.7063174346228707e-005 0.0
1083 -1.2697140179308567e-005 0.0
1084 -7.5143309131346613e-006 0.0
1085 -1.9602602382090423e-006 0.0
1086 3.5047076986161663e-006 0.0
1087 8.4647601195390455e-006 0.0
1088 1.2518934703107746e-005 0.0
1089 1.5429624147721172e-005 0.0
1090 1.6974071608128295e-005 0.0
1091 1.7122576171628982e-005 0.0
1092 1.5904838750923366e-005 0.0
1093 1.3484214365862199e-005 0.0
1094 1.0113160774396649e-005 0.0
1095 6.0886871035280854e-006 0.0
1096 1.7820547620082201e-006 0.0
1097 -2.4651757541113709e-006 0.0
1098 -6.3262944051291817e-006 0.0
1099 -9.5042920640438405e-006 0.0
1100 -1.1776411885604322e-005 0.0
1101 -1.3008999762660006e-005 0.0
1102 -1.3157504326160692e-005 0.0
1103 -1.2266476945156582e-005 0.0
1104 -1.0439870814098156e-005 0.0
1105 -7.8855923218863733e-006 0.0
1106 -4.8263983137722630e-006 0.0
1107 -1.5444474604071240e-006 0.0
1108 1.6929520239078091e-006 0.0
1109 4.6184919248713037e-006 0.0
1110 7.0391163099324696e-006 0.0
1111 8.7766197028904845e-006 0.0
1112 9.7418993656449360e-006 0.0
1113 9.8755534727955534e-006 0.0
1114 9.2221333933925393e-006 0.0
1115 7.8707418655363053e-006 0.0
1116 5.9847339090776057e-006 0.0
1117 3.7274645438671937e-006 0.0
1118 1.2919897024559595e-006 0.0
1119 -1.0989337699050691e-006 0.0
1120 -3.2819508533651385e-006 0.0
1121 -5.0640056153733584e-006 0.0
1122 -6.3559953178293186e-006 0.0
1123 -7.0688172226326065e-006 0.0
1124 -7.1727704170830862e-006 0.0
1125 -6.7124062702309626e-006 0.0
1126 -5.7471266074765095e-006 0.0
1127 -4.3957350796202763e-006 0.0
1128 -2.7621848811127410e-006 0.0
1129 -1.0246814881547265e-006 0.0
1130 6.8312099210315103e-007 0.0
1131 2.2275684525102751e-006 0.0
1132 3.5047076986161663e-006 0.0
1133 4.4105855359703443e-006 0.0
1134 4.9155010518726738e-006 0.0
1135 5.0046037899730846e-006 0.0
1136 4.6778937502715775e-006 0.0
1137 4.0096232145184954e-006 0.0
1138 3.0740444644641796e-006 0.0
1139 1.9602602382090423e-006 0.0
1140 7.7222373020356202e-007 0.0
1141 -3.8611186510178101e-007 0.0
1142 -1.4404942659566446e-006 0.0
1143 -2.3018207342606178e-006 0.0
1144 -2.9106894446134261e-006 0.0
1145 -3.2373994843149331e-006 0.0
1146 -3.2819508533651385e-006 0.0
1147 -3.0740444644641796e-006 0.0
1148 -2.6285307739621244e-006 0.0
1149 -2.0196620636093162e-006 0.0
1150 -1.3068401588060280e-006 0.0
1151 -5.3461642860246607e-007 0.0
1152 2.0790638890095902e-007 0.0
1153 8.6132646830397302e-007 0.0
1154 1.3959428969064390e-006 0.0
1155 1.7672043056581516e-006 0.0
1156 1.9602602382090423e-006 0.0
1157 1.9899611509091792e-006 0.0
1158 1.8414565874084942e-006 0.0
1159 1.5741483731072610e-006 0.0
1160 1.2028869643555485e-006 0.0
1161 7.7222373020356202e-007 0.0
1162 3.2671003970150700e-007 0.0
1163 -8.9102738100411008e-008 0.0
1164 -4.6036414685212354e-007 0.0
1165 -7.4252281750342499e-007 0.0
1166 -9.5042920640438401e-007 0.0
1167 -1.0395319445047950e-006 0.0
1168 -1.0395319445047950e-006 0.0
1169 -9.5042920640438401e-007 0.0
1170 -8.0192464290369906e-007 0.0
1171 -6.0886871035280850e-007 0.0
1172 -3.8611186510178101e-007 0.0
1173 -1.7820547620082202e-007 0.0
1174 2.9700912700137000e-008 0.0
1175 1.9305593255089051e-007 0.0
1176 3.2671003970150700e-007 0.0
1177 4.0096232145184953e-007 0.0
1178 4.3066323415198651e-007 0.0
1179 4.1581277780191804e-007 0.0
1180 3.7126140875171249e-007 0.0
1181 2.9700912700137002e-007 0.0
1182 2.2275684525102751e-007 0.0
1183 1.3365410715061652e-007 0.0
1184 5.9401825400274001e-008 0.0
1185 0.0000000000000000e+000 0.0
1186 -5.9401825400274001e-008 0.0
1187 -8.9102738100411008e-008 0.0
1188 -8.9102738100411008e-008 0.0
1189 -8.9102738100411008e-008 0.0
1190 -8.9102738100411008e-008 0.0
1191 -5.9401825400274001e-008 0.0
1192 -4.4551369050205504e-008 0.0
1193 -2.9700912700137000e-008 0.0
1194 -1.4850456350068500e-008 0.0
1195 0.0000000000000000e+000 0.0
1196 0.0000000000000000e+000 0.0
1197 0.0000000000000000e+000 0.0
1198 0.0000000000000000e+000 0.0
