 0 0.0000000000000000e+000 0.0
 1 0.0000000000000000e+000 0.0
 2 0.0000000000000000e+000 0.0
 3 0.0000000000000000e+000 0.0
 4 -2.9834647136827094e-008 0.0
 5 -2.9834647136827094e-008 0.0
 6 -2.9834647136827094e-008 0.0
 7 0.0000000000000000e+000 0.0
 8 2.9834647136827094e-008 0.0
 9 8.9503941410481275e-008 0.0
10 8.9503941410481275e-008 0.0
11 5.9669294273654188e-008 0.0
12 -2.9834647136827094e-008 0.0
13 -1.4917323568413548e-007 0.0
14 -1.7900788282096255e-007 0.0
15 -1.4917323568413548e-007 0.0
16 0.0000000000000000e+000 0.0
17 1.7900788282096255e-007 0.0
18 2.9834647136827095e-007 0.0
19 2.9834647136827095e-007 0.0
20 1.1933858854730838e-007 0.0
21 -1.4917323568413548e-007 0.0
22 -3.8785041277875223e-007 0.0
23 -4.7735435418923350e-007 0.0
24 -3.2818111850509803e-007 0.0
25 0.0000000000000000e+000 0.0
26 4.1768505991557930e-007 0.0
27 6.5636223701019605e-007 0.0
28 5.9669294273654190e-007 0.0
29 2.3867717709461675e-007 0.0
30 -2.9834647136827095e-007 0.0
31 -7.7570082555750445e-007 0.0
32 -8.9503941410481285e-007 0.0
33 -5.9669294273654190e-007 0.0
34 5.9669294273654188e-008 0.0
35 7.7570082555750445e-007 0.0
36 1.1635512383362567e-006 0.0
37 1.0442126497889482e-006 0.0
38 3.5801576564192510e-007 0.0
39 -5.9669294273654190e-007 0.0
40 -1.3425591211572192e-006 0.0
41 -1.4917323568413548e-006 0.0
42 -9.2487406124163993e-007 0.0
43 1.7900788282096255e-007 0.0
44 1.3127244740203921e-006 0.0
45 1.8795827696201069e-006 0.0
46 1.5812362982518360e-006 0.0
47 4.4751970705240643e-007 0.0
48 -1.0143780026521212e-006 0.0
49 -2.1182599467147237e-006 0.0
50 -2.2375985352620320e-006 0.0
51 -1.2828898268835650e-006 0.0
52 4.1768505991557930e-007 0.0
53 2.0585906524410696e-006 0.0
54 2.8044568308617466e-006 0.0
55 2.2375985352620320e-006 0.0
56 5.0718900132606058e-007 0.0
57 -1.6110709453886631e-006 0.0
58 -3.1028033022300178e-006 0.0
59 -3.1923072436404992e-006 0.0
60 -1.7005748867991443e-006 0.0
61 7.7570082555750445e-007 0.0
62 3.0431340079563637e-006 0.0
63 3.9680080691980036e-006 0.0
64 3.0132993608195364e-006 0.0
65 5.0718900132606058e-007 0.0
66 -2.4464410652198218e-006 0.0
67 -4.4155277762504095e-006 0.0
68 -4.3260238348399285e-006 0.0
69 -2.1182599467147237e-006 0.0
70 1.3127244740203921e-006 0.0
71 4.3260238348399285e-006 0.0
72 5.4299057789025313e-006 0.0
73 3.9083387749243490e-006 0.0
74 3.8785041277875223e-007 0.0
75 -3.5801576564192514e-006 0.0
76 -6.0564333687759000e-006 0.0
77 -5.6984176031339752e-006 0.0
78 -2.5061103594934759e-006 0.0
79 2.1182599467147237e-006 0.0
80 5.9967640745022455e-006 0.0
81 7.1901499599753293e-006 0.0
82 4.8928821304396435e-006 0.0
83 8.9503941410481275e-008 0.0
84 -5.1017246603974328e-006 0.0
85 -8.0851893740801428e-006 0.0
86 -7.2796539013858111e-006 0.0
87 -2.8641261251354008e-006 0.0
88 3.2519765379141534e-006 0.0
89 8.1150240212169692e-006 0.0
90 9.3084099066900539e-006 0.0
91 5.9669294273654190e-006 0.0
92 -4.7735435418923350e-007 0.0
93 -7.0708113714280210e-006 0.0
94 -1.0591299733573618e-005 0.0
95 -9.0995673767322637e-006 0.0
96 -3.0729686550931905e-006 0.0
97 4.8033781890291625e-006 0.0
98 1.0800142263531408e-005 0.0
99 1.1814520266183529e-005 0.0
100 7.1006460185648483e-006 0.0
101 -1.3723937682940462e-006 0.0
102 -9.6365910251951515e-006 0.0
103 -1.3634433741529982e-005 0.0
104 -1.1158158029173334e-005 0.0
105 -3.0729686550931905e-006 0.0
106 6.9514727828807127e-006 0.0
107 1.4111788095719216e-005 0.0
108 1.4738315685592584e-005 0.0
109 8.1746933154906238e-006 0.0
110 -2.7746221837249198e-006 0.0
111 -1.2918402210246131e-005 0.0
112 -1.7274260692222886e-005 0.0
113 -1.3395756564435366e-005 0.0
114 -2.7447875365880925e-006 0.0
115 9.8155989080161135e-006 0.0
116 1.8228969400601356e-005 0.0
117 1.8139465459190875e-005 0.0
118 9.1294020238690901e-006 0.0
119 -4.8033781890291625e-006 0.0
120 -1.7095252809401924e-005 0.0
121 -2.1630119174199644e-005 0.0
122 -1.5782528335381533e-005 0.0
123 -1.9094174167569340e-006 0.0
124 1.3604599094393154e-005 0.0
125 2.3241190119588306e-005 0.0
126 2.1928465645567915e-005 0.0
127 9.8155989080161135e-006 0.0
128 -7.7271736084382170e-006 0.0
129 -2.2346150705483492e-005 0.0
130 -2.6731843834597075e-005 0.0
131 -1.8199134753464527e-005 0.0
132 -3.5801576564192510e-007 0.0
133 1.8527315871969627e-005 0.0
134 2.9267788841227378e-005 0.0
135 2.6135150891860533e-005 0.0
136 1.0054276085110730e-005 0.0
137 -1.1725016324773048e-005 0.0
138 -2.8820269134174973e-005 0.0
139 -3.2579434673415189e-005 0.0
140 -2.0526237230137040e-005 0.0
141 2.1480945938515506e-006 0.0
142 2.4852261064976971e-005 0.0
143 3.6398269506929055e-005 0.0
144 3.0640182609521428e-005 0.0
145 9.6067563780583250e-006 0.0
146 -1.7154922103675580e-005 0.0
147 -3.6726450625434151e-005 0.0
148 -3.9172891690653976e-005 0.0
149 -2.2525158588304454e-005 0.0
150 5.9370947802285917e-006 0.0
151 3.2788277203372979e-005 0.0
152 4.4751970705240641e-005 0.0
153 3.5324222210003276e-005 0.0
154 8.1150240212169692e-006 0.0
155 -2.4285402769377253e-005 0.0
156 -4.6243703062081993e-005 0.0
157 -4.6452545592039783e-005 0.0
158 -2.3897552356598501e-005 0.0
159 1.1396835206267950e-005 0.0
160 4.2663545405662746e-005 0.0
161 5.4358727083298967e-005 0.0
162 3.9888923221937824e-005 0.0
163 5.2210632489447411e-006 0.0
164 -3.3534143381793656e-005 0.0
165 -5.7521199679802634e-005 0.0
166 -5.4299057789025311e-005 0.0
167 -2.4285402769377253e-005 0.0
168 1.8945000931885204e-005 0.0
169 5.4746577496077719e-005 0.0
170 6.5188703993967193e-005 0.0
171 4.4065773821093621e-005 0.0
172 4.1768505991557930e-007 0.0
173 -4.5288994353703527e-005 0.0
174 -7.0708113714280208e-005 0.0
175 -6.2443916457379113e-005 0.0
176 -2.3211355472451478e-005 0.0
177 2.9088780958406416e-005 0.0
178 6.9276050651712512e-005 0.0
179 7.7122562848698040e-005 0.0
180 4.7407254300418250e-005 0.0
181 -6.8321341943334044e-006 0.0
182 -5.9937806097885632e-005 0.0
183 -8.5804445165514728e-005 0.0
184 -7.0588775125732909e-005 0.0
185 -2.0078717523084635e-005 0.0
186 4.2365198934294471e-005 0.0
187 8.6520476696798576e-005 0.0
188 8.9951461117533690e-005 0.0
189 4.9346506364312010e-005 0.0
190 -1.7125087456538752e-005 0.0
191 -7.7868429027118716e-005 0.0
192 -1.0278035938636934e-004 0.0
193 -7.8196610145623812e-005 0.0
194 -1.4201292037129697e-005 0.0
195 5.9311278508012261e-005 0.0
196 1.0656935957274638e-004 0.0
197 1.0334721768196905e-004 0.0
198 4.9197333128627877e-005 0.0
199 -3.1236875552257964e-005 0.0
200 -9.9468713554181525e-005 0.0
201 -1.2145684849402310e-004 0.0
202 -8.4640893927178472e-005 0.0
203 -4.7735435418923352e-006 0.0
204 8.0493877975159497e-005 0.0
205 1.2948236857382960e-004 0.0
206 1.1671313959926759e-004 0.0
207 4.6094529826397859e-005 0.0
208 -4.9883530012774903e-005 0.0
209 -1.2497733685616868e-004 0.0
210 -1.4150573136997090e-004 0.0
211 -8.9116090997702529e-005 0.0
212 9.0697327295954373e-006 0.0
213 1.0647985563133589e-004 0.0
214 1.5516999975863772e-004 0.0
215 1.2942269927955594e-004 0.0
216 3.9083387749243492e-005 0.0
217 -7.3810917016510225e-005 0.0
218 -1.5460314146303799e-004 0.0
219 -1.6238998436574986e-004 0.0
220 -9.0607823354543881e-005 0.0
221 2.8342914779985740e-005 0.0
222 1.3771673118359386e-004 0.0
223 1.8336374130293931e-004 0.0
224 1.4052118801445560e-004 0.0
225 2.7060024953102175e-005 0.0
226 -1.0382457203615828e-004 0.0
227 -1.8837596202192627e-004 0.0
228 -1.8333390665580248e-004 0.0
229 -8.7982374406503101e-005 0.0
230 5.4060380611930693e-005 0.0
231 1.7456252039757533e-004 0.0
232 2.1349673491113469e-004 0.0
233 1.4884505456563038e-004 0.0
234 8.7415516110903380e-006 0.0
235 -1.4061069195586608e-004 0.0
236 -2.2605712135573890e-004 0.0
237 -2.0335295488461348e-004 0.0
238 -7.9837515738149305e-005 0.0
239 8.7236508228082424e-005 0.0
240 2.1719623115610124e-004 0.0
241 2.4485294905193995e-004 0.0
242 1.5305173981192298e-004 0.0
243 -1.7184756750812405e-005 0.0
244 -1.8482563901264386e-004 0.0
245 -2.6728860369883394e-004 0.0
246 -2.2113440457816242e-004 0.0
247 -6.4651680345504314e-005 0.0
248 1.2894534492536669e-004 0.0
249 2.6567753275344528e-004 0.0
250 2.7635833642842937e-004 0.0
251 1.5147050351367114e-004 0.0
252 -5.2091293900900104e-005 0.0
253 -2.3685726361927031e-004 0.0
254 -3.1129470822565390e-004 0.0
255 -2.3509701943819750e-004 0.0
256 -4.0754127988905813e-005 0.0
257 1.8008193011788835e-004 0.0
258 3.1964840942396550e-004 0.0
259 3.0658083397803521e-004 0.0
260 1.4231126684266523e-004 0.0
261 -9.7350453607466809e-005 0.0
262 -2.9697407759997688e-004 0.0
263 -3.5700138763927302e-004 0.0
264 -2.4339105134223542e-004 0.0
265 -6.3846144872809985e-006 0.0
266 2.4142196463120485e-004 0.0
267 3.7848233357778852e-004 0.0
268 3.3379003216682155e-004 0.0
269 1.2345576985219050e-004 0.0
270 -1.5433462963880656e-004 0.0
271 -3.6508657701335315e-004 0.0
272 -4.0294674422998672e-004 0.0
273 -2.4380873640215102e-004 0.0
274 4.0306608281853405e-005 0.0
275 3.1356214140805278e-004 0.0
276 4.4119476185939909e-004 0.0
277 3.5580800175379990e-004 0.0
278 9.2726083301258611e-005 0.0
279 -2.2423720788039244e-004 0.0
280 -4.4077707679948349e-004 0.0
281 -4.4722136058103815e-004 0.0
282 -2.3387379890558760e-004 0.0
283 1.0113945379384385e-004 0.0
284 3.9674113762552669e-004 0.0
285 5.0632379655909260e-004 0.0
286 3.7015846702661377e-004 0.0
287 4.7735435418923352e-005 0.0
288 -3.0804273168773976e-004 0.0
289 -5.2318037219139992e-004 0.0
290 -4.8746829956861787e-004 0.0
291 -2.1087128596309390e-004 0.0
292 1.7787416622976312e-004 0.0
293 4.9086944934221622e-004 0.0
294 5.7187051631870170e-004 0.0
295 3.7394746721299081e-004 0.0
296 -1.3873110918624599e-005 0.0
297 -4.0652690188640599e-004 0.0
298 -6.1095390406794520e-004 0.0
299 -5.2091293900900109e-004 0.0
300 -1.7190723680239771e-004 0.0
301 2.7206214724072628e-004 0.0
302 5.9538021826252151e-004 0.0
303 6.3535864542586980e-004 0.0
304 3.6392302577501688e-004 0.0
305 -9.4575831423741888e-005 0.0
306 -5.2004773424203310e-004 0.0
307 -7.0218825501236243e-004 0.0
308 -5.4418396377572617e-004 0.0
309 -1.1381917882699537e-004 0.0
310 3.8513545988930095e-004 0.0
311 7.0916956244238005e-004 0.0
312 6.9374504987264037e-004 0.0
313 3.3653481970340963e-004 0.0
314 -1.9664015927882737e-004 0.0
315 -6.4851572481321054e-004 0.0
316 -7.9437731466515816e-004 0.0
317 -5.5361171227096353e-004 0.0
318 -3.3504308734656828e-005 0.0
319 5.1804881288386570e-004 0.0
320 8.3056674164212947e-004 0.0
321 7.4338990270832064e-004 0.0
322 2.8790434487038145e-004 0.0
323 -3.2224402372486941e-004 0.0
324 -7.9130434601006505e-004 0.0
325 -8.8435861042982867e-004 0.0
326 -5.4489999530701004e-004 0.0
327 7.2319184659668873e-005 0.0
328 6.7148840310856739e-004 0.0
329 9.5724465338509733e-004 0.0
330 7.8005668403948120e-004 0.0
331 2.1400392391246074e-004 0.0
332 -4.7335651147289867e-004 0.0
333 -9.4719037729998660e-004 0.0
334 -9.6825363817858656e-004 0.0
335 -5.1345427722479433e-004 0.0
336 2.0681377395248541e-004 0.0
337 8.4557356915195350e-004 0.0
338 1.5514016511150089e-006 0.0
339 7.9891218102995593e-004 0.0
340 1.1050753299480755e-004 0.0
341 -6.5155885882116685e-004 0.0
342 -1.1142942359133551e-003 0.0
343 -1.0415573661937706e-003 0.0
344 -4.5417283336391886e-004 0.0
345 3.7311209709315962e-004 0.0
346 1.0398567913069716e-003 0.0
347 1.2133750990547579e-003 0.0
348 7.9452648790084238e-004 0.0
349 -2.7030190305965346e-005 0.0
350 -8.5813395559655769e-004 0.0
351 -1.2899904729021300e-003 0.0
352 -1.0988697233436156e-003 0.0
353 -3.6156608865120754e-004 0.0
354 5.7419761879537424e-004 0.0
355 1.2533236915709693e-003 0.0
356 1.3343545931945918e-003 0.0
357 7.6078350198909093e-004 0.0
358 -2.0320378164892934e-004 0.0
359 -1.0939171719189023e-003 0.0
360 -1.4708779384927126e-003 0.0
361 -1.1341641109064819e-003 0.0
362 -2.2975661760070545e-004 0.0
363 8.1290463053712786e-004 0.0
364 1.4843035297042847e-003 0.0
365 1.4435792363625157e-003 0.0
366 6.9097042768891549e-004 0.0
367 -4.2278678457597675e-004 0.0
368 -1.3593858621423897e-003 0.0
369 -1.6526902781445368e-003 0.0
370 -1.1403995521580789e-003 0.0
371 -5.2240467136584244e-005 0.0
372 1.0920375891492822e-003 0.0
373 1.7304990378773819e-003 0.0
374 1.5346047447769753e-003 0.0
375 5.7744959533328837e-004 0.0
376 -6.9091075839464188e-004 0.0
377 -1.6545996955612938e-003 0.0
378 -1.8304152711386158e-003 0.0
379 -1.1096101963128733e-003 0.0
380 1.7808300875972092e-004 0.0
381 1.4143711168155620e-003 0.0
382 1.9888969167294415e-003 0.0
383 1.5999127873594897e-003 0.0
384 4.1168829584107707e-004 0.0
385 -1.0131547821195114e-003 0.0
386 -1.9794094989399303e-003 0.0
387 -1.9979666494590368e-003 0.0
388 -1.0325771374055856e-003 0.0
389 4.6929899946229021e-004 0.0
390 1.7830676861324713e-003 0.0
391 2.2560065125454545e-003 0.0
392 1.6307618124989690e-003 0.0
393 1.8366208777430759e-004 0.0
394 -1.3959929741792765e-003 0.0
395 -2.3335765951012048e-003 0.0
396 -2.1482437670872351e-003 0.0
397 -8.9844056387841111e-004 0.0
398 8.3107393064345552e-004 0.0
399 2.2018864626392499e-003 0.0
400 2.5276509747262652e-003 0.0
401 1.6167096936975233e-003 0.0
402 -1.1868222631029818e-004 0.0
403 -1.8475701932422915e-003 0.0
404 -2.7172501572808013e-003 0.0
405 -2.2729525921191722e-003 0.0
406 -6.9398372704973499e-004 0.0
407 1.2755206690407688e-003 0.0
408 2.6760485095848430e-003 0.0
409 2.7993551062013493e-003 0.0
410 1.5451065405691384e-003 0.0
411 -5.1061998574679574e-004 0.0
412 -2.3786269122778136e-003 0.0
413 -3.1313252248928243e-003 0.0
414 -2.3620686831168749e-003 0.0
415 -4.0223071269870290e-004 0.0
416 1.8188990973438007e-003 0.0
417 3.2134003391662358e-003 0.0
418 3.0661663555459941e-003 0.0
419 1.3997223050713800e-003 0.0
420 -1.0128266010010062e-003 0.0
421 -3.0048263210326774e-003 0.0
422 -3.5785465854738627e-003 0.0
423 -2.4031509922242855e-003 0.0
424 -3.2818111850509803e-007 0.0
425 2.4845399096135499e-003 0.0
426 3.8265321724751692e-003 0.0
427 3.3230426673940753e-003 0.0
428 1.1586881908529538e-003 0.0
429 -1.6550173806212094e-003 0.0
430 -3.7501554758048918e-003 0.0
431 -4.0650601763341024e-003 0.0
432 -2.3798202981632870e-003 0.0
433 5.4495966460128365e-004 0.0
434 3.3081551784727987e-003 0.0
435 4.5366564436259277e-003 0.0
436 3.5648524824380590e-003 0.0
437 7.9011096012459193e-004 0.0
438 -2.4832570197866662e-003 0.0
439 -4.6539364415207948e-003 0.0
440 -4.6036352264481051e-003 0.0
441 -2.2688055761671531e-003 0.0
442 1.2859031262443847e-003 0.0
443 4.3487876706053280e-003 0.0
444 5.3813648080109130e-003 0.0
445 3.7865239106646843e-003 0.0
446 2.4336121669509859e-004 0.0
447 -3.5746979159932118e-003 0.0
448 -5.7852662609492785e-003 0.0
449 -5.2196908551764469e-003 0.0
450 -2.0332908716690400e-003 0.0
451 2.3119464759270053e-003 0.0
452 5.7115448478741787e-003 0.0
453 6.4311267021673118e-003 0.0
454 3.9833132431791960e-003 0.0
455 -5.7073679972750228e-004 0.0
456 -5.0711739817293220e-003 0.0
457 -7.2753875468452448e-003 0.0
458 -5.9658852147156296e-003 0.0
459 -1.6074609530851069e-003 0.0
460 3.7940422417431646e-003 0.0
461 7.6036283346446161e-003 0.0
462 7.8299838024717232e-003 0.0
463 4.1508347868524798e-003 0.0
464 -1.8302362632557948e-003 0.0
465 -7.2658702944085971e-003 0.0
466 -9.4036421003508060e-003 0.0
467 -6.9602143344918033e-003 0.0
468 -8.5356925458462312e-004 0.0
469 6.1078981350869265e-003 0.0
470 1.0493650933494783e-002 0.0
471 9.9142024168033267e-003 0.0
472 4.2853592107924329e-003 0.0
473 -3.9574764387587036e-003 0.0
474 -1.0877384164968654e-002 0.0
475 -1.2875977342017564e-002 0.0
476 -8.5138237494949368e-003 0.0
477 5.8669833594570482e-004 0.0
478 1.0274664623510472e-002 0.0
479 1.5701586937699321e-002 0.0
480 1.3667699373087544e-002 0.0
481 4.3837538770496887e-003 0.0
482 -8.2678669184989353e-003 0.0
483 -1.8248570763770251e-002 0.0
484 -2.0105867051979146e-002 0.0
485 -1.1750823294546403e-002 0.0
486 4.0583175460811791e-003 0.0
487 2.0385208853121260e-002 0.0
488 2.8883578255399320e-002 0.0
489 2.3636887044564042e-002 0.0
490 4.4437215177947111e-003 0.0
491 -2.1998785908869417e-002 0.0
492 -4.3792876303733061e-002 0.0
493 -4.8021758527495483e-002 0.0
494 -2.5920401101769654e-002 0.0
495 2.3003109635436426e-002 0.0
496 8.9657112488881752e-002 0.0
497 1.5760626720918389e-001 0.0
498 2.0822217813987362e-001 0.0
499 2.2692712950089591e-001 0.0
500 2.0822217813987362e-001 0.0
501 1.5760626720918389e-001 0.0
502 8.9657112488881752e-002 0.0
503 2.3003109635436426e-002 0.0
504 -2.5920401101769654e-002 0.0
505 -4.8021758527495483e-002 0.0
506 -4.3792876303733061e-002 0.0
507 -2.1998785908869417e-002 0.0
508 4.4437215177947111e-003 0.0
509 2.3636887044564042e-002 0.0
510 2.8883578255399320e-002 0.0
511 2.0385208853121260e-002 0.0
512 4.0583175460811791e-003 0.0
513 -1.1750823294546403e-002 0.0
514 -2.0105867051979146e-002 0.0
515 -1.8248570763770251e-002 0.0
516 -8.2678669184989353e-003 0.0
517 4.3837538770496887e-003 0.0
518 1.3667699373087544e-002 0.0
519 1.5701586937699321e-002 0.0
520 1.0274664623510472e-002 0.0
521 5.8669833594570482e-004 0.0
522 -8.5138237494949368e-003 0.0
523 -1.2875977342017564e-002 0.0
524 -1.0877384164968654e-002 0.0
525 -3.9574764387587036e-003 0.0
526 4.2853592107924329e-003 0.0
527 9.9142024168033267e-003 0.0
528 1.0493650933494783e-002 0.0
529 6.1078981350869265e-003 0.0
530 -8.5356925458462312e-004 0.0
531 -6.9602143344918033e-003 0.0
532 -9.4036421003508060e-003 0.0
533 -7.2658702944085971e-003 0.0
534 -1.8302362632557948e-003 0.0
535 4.1508347868524798e-003 0.0
536 7.8299838024717232e-003 0.0
537 7.6036283346446161e-003 0.0
538 3.7940422417431646e-003 0.0
539 -1.6074609530851069e-003 0.0
540 -5.9658852147156296e-003 0.0
541 -7.2753875468452448e-003 0.0
542 -5.0711739817293220e-003 0.0
543 -5.7073679972750228e-004 0.0
544 3.9833132431791960e-003 0.0
545 6.4311267021673118e-003 0.0
546 5.7115448478741787e-003 0.0
547 2.3119464759270053e-003 0.0
548 -2.0332908716690400e-003 0.0
549 -5.2196908551764469e-003 0.0
550 -5.7852662609492785e-003 0.0
551 -3.5746979159932118e-003 0.0
552 2.4336121669509859e-004 0.0
553 3.7865239106646843e-003 0.0
554 5.3813648080109130e-003 0.0
555 4.3487876706053280e-003 0.0
556 1.2859031262443847e-003 0.0
557 -2.2688055761671531e-003 0.0
558 -4.6036352264481051e-003 0.0
559 -4.6539364415207948e-003 0.0
560 -2.4832570197866662e-003 0.0
561 7.9011096012459193e-004 0.0
562 3.5648524824380590e-003 0.0
563 4.5366564436259277e-003 0.0
564 3.3081551784727987e-003 0.0
565 5.4495966460128365e-004 0.0
566 -2.3798202981632870e-003 0.0
567 -4.0650601763341024e-003 0.0
568 -3.7501554758048918e-003 0.0
569 -1.6550173806212094e-003 0.0
570 1.1586881908529538e-003 0.0
571 3.3230426673940753e-003 0.0
572 3.8265321724751692e-003 0.0
573 2.4845399096135499e-003 0.0
574 -3.2818111850509803e-007 0.0
575 -2.4031509922242855e-003 0.0
576 -3.5785465854738627e-003 0.0
577 -3.0048263210326774e-003 0.0
578 -1.0128266010010062e-003 0.0
579 1.3997223050713800e-003 0.0
580 3.0661663555459941e-003 0.0
581 3.2134003391662358e-003 0.0
582 1.8188990973438007e-003 0.0
583 -4.0223071269870290e-004 0.0
584 -2.3620686831168749e-003 0.0
585 -3.1313252248928243e-003 0.0
586 -2.3786269122778136e-003 0.0
587 -5.1061998574679574e-004 0.0
588 1.5451065405691384e-003 0.0
589 2.7993551062013493e-003 0.0
590 2.6760485095848430e-003 0.0
591 1.2755206690407688e-003 0.0
592 -6.9398372704973499e-004 0.0
593 -2.2729525921191722e-003 0.0
594 -2.7172501572808013e-003 0.0
595 -1.8475701932422915e-003 0.0
596 -1.1868222631029818e-004 0.0
597 1.6167096936975233e-003 0.0
598 2.5276509747262652e-003 0.0
599 2.2018864626392499e-003 0.0
600 8.3107393064345552e-004 0.0
601 -8.9844056387841111e-004 0.0
602 -2.1482437670872351e-003 0.0
603 -2.3335765951012048e-003 0.0
604 -1.3959929741792765e-003 0.0
605 1.8366208777430759e-004 0.0
606 1.6307618124989690e-003 0.0
607 2.2560065125454545e-003 0.0
608 1.7830676861324713e-003 0.0
609 4.6929899946229021e-004 0.0
610 -1.0325771374055856e-003 0.0
611 -1.9979666494590368e-003 0.0
612 -1.9794094989399303e-003 0.0
613 -1.0131547821195114e-003 0.0
614 4.1168829584107707e-004 0.0
615 1.5999127873594897e-003 0.0
616 1.9888969167294415e-003 0.0
617 1.4143711168155620e-003 0.0
618 1.7808300875972092e-004 0.0
619 -1.1096101963128733e-003 0.0
620 -1.8304152711386158e-003 0.0
621 -1.6545996955612938e-003 0.0
622 -6.9091075839464188e-004 0.0
623 5.7744959533328837e-004 0.0
624 1.5346047447769753e-003 0.0
625 1.7304990378773819e-003 0.0
626 1.0920375891492822e-003 0.0
627 -5.2240467136584244e-005 0.0
628 -1.1403995521580789e-003 0.0
629 -1.6526902781445368e-003 0.0
630 -1.3593858621423897e-003 0.0
631 -4.2278678457597675e-004 0.0
632 6.9097042768891549e-004 0.0
633 1.4435792363625157e-003 0.0
634 1.4843035297042847e-003 0.0
635 8.1290463053712786e-004 0.0
636 -2.2975661760070545e-004 0.0
637 -1.1341641109064819e-003 0.0
638 -1.4708779384927126e-003 0.0
639 -1.0939171719189023e-003 0.0
640 -2.0320378164892934e-004 0.0
641 7.6078350198909093e-004 0.0
642 1.3343545931945918e-003 0.0
643 1.2533236915709693e-003 0.0
644 5.7419761879537424e-004 0.0
645 -3.6156608865120754e-004 0.0
646 -1.0988697233436156e-003 0.0
647 -1.2899904729021300e-003 0.0
648 -8.5813395559655769e-004 0.0
649 -2.7030190305965346e-005 0.0
650 7.9452648790084238e-004 0.0
651 1.2133750990547579e-003 0.0
652 1.0398567913069716e-003 0.0
653 3.7311209709315962e-004 0.0
654 -4.5417283336391886e-004 0.0
655 -1.0415573661937706e-003 0.0
656 -1.1142942359133551e-003 0.0
657 -6.5155885882116685e-004 0.0
658 1.1050753299480755e-004 0.0
659 7.9891218102995593e-004 0.0
660 1.0861004943690535e-003 0.0
661 8.4557356915195350e-004 0.0
662 2.0681377395248541e-004 0.0
663 -5.1345427722479433e-004 0.0
664 -9.6825363817858656e-004 0.0
665 -9.4719037729998660e-004 0.0
666 -4.7335651147289867e-004 0.0
667 2.1400392391246074e-004 0.0
668 7.8005668403948120e-004 0.0
669 9.5724465338509733e-004 0.0
670 6.7148840310856739e-004 0.0
671 7.2319184659668873e-005 0.0
672 -5.4489999530701004e-004 0.0
673 -8.8435861042982867e-004 0.0
674 -7.9130434601006505e-004 0.0
675 -3.2224402372486941e-004 0.0
676 2.8790434487038145e-004 0.0
677 7.4338990270832064e-004 0.0
678 8.3056674164212947e-004 0.0
679 5.1804881288386570e-004 0.0
680 -3.3504308734656828e-005 0.0
681 -5.5361171227096353e-004 0.0
682 -7.9437731466515816e-004 0.0
683 -6.4851572481321054e-004 0.0
684 -1.9664015927882737e-004 0.0
685 3.3653481970340963e-004 0.0
686 6.9374504987264037e-004 0.0
687 7.0916956244238005e-004 0.0
688 3.8513545988930095e-004 0.0
689 -1.1381917882699537e-004 0.0
690 -5.4418396377572617e-004 0.0
691 -7.0218825501236243e-004 0.0
692 -5.2004773424203310e-004 0.0
693 -9.4575831423741888e-005 0.0
694 3.6392302577501688e-004 0.0
695 6.3535864542586980e-004 0.0
696 5.9538021826252151e-004 0.0
697 2.7206214724072628e-004 0.0
698 -1.7190723680239771e-004 0.0
699 -5.2091293900900109e-004 0.0
700 -6.1095390406794520e-004 0.0
701 -4.0652690188640599e-004 0.0
702 -1.3873110918624599e-005 0.0
703 3.7394746721299081e-004 0.0
704 5.7187051631870170e-004 0.0
705 4.9086944934221622e-004 0.0
706 1.7787416622976312e-004 0.0
707 -2.1087128596309390e-004 0.0
708 -4.8746829956861787e-004 0.0
709 -5.2318037219139992e-004 0.0
710 -3.0804273168773976e-004 0.0
711 4.7735435418923352e-005 0.0
712 3.7015846702661377e-004 0.0
713 5.0632379655909260e-004 0.0
714 3.9674113762552669e-004 0.0
715 1.0113945379384385e-004 0.0
716 -2.3387379890558760e-004 0.0
717 -4.4722136058103815e-004 0.0
718 -4.4077707679948349e-004 0.0
719 -2.2423720788039244e-004 0.0
720 9.2726083301258611e-005 0.0
721 3.5580800175379990e-004 0.0
722 4.4119476185939909e-004 0.0
723 3.1356214140805278e-004 0.0
724 4.0306608281853405e-005 0.0
725 -2.4380873640215102e-004 0.0
726 -4.0294674422998672e-004 0.0
727 -3.6508657701335315e-004 0.0
728 -1.5433462963880656e-004 0.0
729 1.2345576985219050e-004 0.0
730 3.3379003216682155e-004 0.0
731 3.7848233357778852e-004 0.0
732 2.4142196463120485e-004 0.0
733 -6.3846144872809985e-006 0.0
734 -2.4339105134223542e-004 0.0
735 -3.5700138763927302e-004 0.0
736 -2.9697407759997688e-004 0.0
737 -9.7350453607466809e-005 0.0
738 1.4231126684266523e-004 0.0
739 3.0658083397803521e-004 0.0
740 3.1964840942396550e-004 0.0
741 1.8008193011788835e-004 0.0
742 -4.0754127988905813e-005 0.0
743 -2.3509701943819750e-004 0.0
744 -3.1129470822565390e-004 0.0
745 -2.3685726361927031e-004 0.0
746 -5.2091293900900104e-005 0.0
747 1.5147050351367114e-004 0.0
748 2.7635833642842937e-004 0.0
749 2.6567753275344528e-004 0.0
750 1.2894534492536669e-004 0.0
751 -6.4651680345504314e-005 0.0
752 -2.2113440457816242e-004 0.0
753 -2.6728860369883394e-004 0.0
754 -1.8482563901264386e-004 0.0
755 -1.7184756750812405e-005 0.0
756 1.5305173981192298e-004 0.0
757 2.4485294905193995e-004 0.0
758 2.1719623115610124e-004 0.0
759 8.7236508228082424e-005 0.0
760 -7.9837515738149305e-005 0.0
761 -2.0335295488461348e-004 0.0
762 -2.2605712135573890e-004 0.0
763 -1.4061069195586608e-004 0.0
764 8.7415516110903380e-006 0.0
765 1.4884505456563038e-004 0.0
766 2.1349673491113469e-004 0.0
767 1.7456252039757533e-004 0.0
768 5.4060380611930693e-005 0.0
769 -8.7982374406503101e-005 0.0
770 -1.8333390665580248e-004 0.0
771 -1.8837596202192627e-004 0.0
772 -1.0382457203615828e-004 0.0
773 2.7060024953102175e-005 0.0
774 1.4052118801445560e-004 0.0
775 1.8336374130293931e-004 0.0
776 1.3771673118359386e-004 0.0
777 2.8342914779985740e-005 0.0
778 -9.0607823354543881e-005 0.0
779 -1.6238998436574986e-004 0.0
780 -1.5460314146303799e-004 0.0
781 -7.3810917016510225e-005 0.0
782 3.9083387749243492e-005 0.0
783 1.2942269927955594e-004 0.0
784 1.5516999975863772e-004 0.0
785 1.0647985563133589e-004 0.0
786 9.0697327295954373e-006 0.0
787 -8.9116090997702529e-005 0.0
788 -1.4150573136997090e-004 0.0
789 -1.2497733685616868e-004 0.0
790 -4.9883530012774903e-005 0.0
791 4.6094529826397859e-005 0.0
792 1.1671313959926759e-004 0.0
793 1.2948236857382960e-004 0.0
794 8.0493877975159497e-005 0.0
795 -4.7735435418923352e-006 0.0
796 -8.4640893927178472e-005 0.0
797 -1.2145684849402310e-004 0.0
798 -9.9468713554181525e-005 0.0
799 -3.1236875552257964e-005 0.0
800 4.9197333128627877e-005 0.0
801 1.0334721768196905e-004 0.0
802 1.0656935957274638e-004 0.0
803 5.9311278508012261e-005 0.0
804 -1.4201292037129697e-005 0.0
805 -7.8196610145623812e-005 0.0
806 -1.0278035938636934e-004 0.0
807 -7.7868429027118716e-005 0.0
808 -1.7125087456538752e-005 0.0
809 4.9346506364312010e-005 0.0
810 8.9951461117533690e-005 0.0
811 8.6520476696798576e-005 0.0
812 4.2365198934294471e-005 0.0
813 -2.0078717523084635e-005 0.0
814 -7.0588775125732909e-005 0.0
815 -8.5804445165514728e-005 0.0
816 -5.9937806097885632e-005 0.0
817 -6.8321341943334044e-006 0.0
818 4.7407254300418250e-005 0.0
819 7.7122562848698040e-005 0.0
820 6.9276050651712512e-005 0.0
821 2.9088780958406416e-005 0.0
822 -2.3211355472451478e-005 0.0
823 -6.2443916457379113e-005 0.0
824 -7.0708113714280208e-005 0.0
825 -4.5288994353703527e-005 0.0
826 4.1768505991557930e-007 0.0
827 4.4065773821093621e-005 0.0
828 6.5188703993967193e-005 0.0
829 5.4746577496077719e-005 0.0
830 1.8945000931885204e-005 0.0
831 -2.4285402769377253e-005 0.0
832 -5.4299057789025311e-005 0.0
833 -5.7521199679802634e-005 0.0
834 -3.3534143381793656e-005 0.0
835 5.2210632489447411e-006 0.0
836 3.9888923221937824e-005 0.0
837 5.4358727083298967e-005 0.0
838 4.2663545405662746e-005 0.0
839 1.1396835206267950e-005 0.0
840 -2.3897552356598501e-005 0.0
841 -4.6452545592039783e-005 0.0
842 -4.6243703062081993e-005 0.0
843 -2.4285402769377253e-005 0.0
844 8.1150240212169692e-006 0.0
845 3.5324222210003276e-005 0.0
846 4.4751970705240641e-005 0.0
847 3.2788277203372979e-005 0.0
848 5.9370947802285917e-006 0.0
849 -2.2525158588304454e-005 0.0
850 -3.9172891690653976e-005 0.0
851 -3.6726450625434151e-005 0.0
852 -1.7154922103675580e-005 0.0
853 9.6067563780583250e-006 0.0
854 3.0640182609521428e-005 0.0
855 3.6398269506929055e-005 0.0
856 2.4852261064976971e-005 0.0
857 2.1480945938515506e-006 0.0
858 -2.0526237230137040e-005 0.0
859 -3.2579434673415189e-005 0.0
860 -2.8820269134174973e-005 0.0
861 -1.1725016324773048e-005 0.0
862 1.0054276085110730e-005 0.0
863 2.6135150891860533e-005 0.0
864 2.9267788841227378e-005 0.0
865 1.8527315871969627e-005 0.0
866 -3.5801576564192510e-007 0.0
867 -1.8199134753464527e-005 0.0
868 -2.6731843834597075e-005 0.0
869 -2.2346150705483492e-005 0.0
870 -7.7271736084382170e-006 0.0
871 9.8155989080161135e-006 0.0
872 2.1928465645567915e-005 0.0
873 2.3241190119588306e-005 0.0
874 1.3604599094393154e-005 0.0
875 -1.9094174167569340e-006 0.0
876 -1.5782528335381533e-005 0.0
877 -2.1630119174199644e-005 0.0
878 -1.7095252809401924e-005 0.0
879 -4.8033781890291625e-006 0.0
880 9.1294020238690901e-006 0.0
881 1.8139465459190875e-005 0.0
882 1.8228969400601356e-005 0.0
883 9.8155989080161135e-006 0.0
884 -2.7447875365880925e-006 0.0
885 -1.3395756564435366e-005 0.0
886 -1.7274260692222886e-005 0.0
887 -1.2918402210246131e-005 0.0
888 -2.7746221837249198e-006 0.0
889 8.1746933154906238e-006 0.0
890 1.4738315685592584e-005 0.0
891 1.4111788095719216e-005 0.0
892 6.9514727828807127e-006 0.0
893 -3.0729686550931905e-006 0.0
894 -1.1158158029173334e-005 0.0
895 -1.3634433741529982e-005 0.0
896 -9.6365910251951515e-006 0.0
897 -1.3723937682940462e-006 0.0
898 7.1006460185648483e-006 0.0
899 1.1814520266183529e-005 0.0
900 1.0800142263531408e-005 0.0
901 4.8033781890291625e-006 0.0
902 -3.0729686550931905e-006 0.0
903 -9.0995673767322637e-006 0.0
904 -1.0591299733573618e-005 0.0
905 -7.0708113714280210e-006 0.0
906 -4.7735435418923350e-007 0.0
907 5.9669294273654190e-006 0.0
908 9.3084099066900539e-006 0.0
909 8.1150240212169692e-006 0.0
910 3.2519765379141534e-006 0.0
911 -2.8641261251354008e-006 0.0
912 -7.2796539013858111e-006 0.0
913 -8.0851893740801428e-006 0.0
914 -5.1017246603974328e-006 0.0
915 8.9503941410481275e-008 0.0
916 4.8928821304396435e-006 0.0
917 7.1901499599753293e-006 0.0
918 5.9967640745022455e-006 0.0
919 2.1182599467147237e-006 0.0
920 -2.5061103594934759e-006 0.0
921 -5.6984176031339752e-006 0.0
922 -6.0564333687759000e-006 0.0
923 -3.5801576564192514e-006 0.0
924 3.8785041277875223e-007 0.0
925 3.9083387749243490e-006 0.0
926 5.4299057789025313e-006 0.0
927 4.3260238348399285e-006 0.0
928 1.3127244740203921e-006 0.0
929 -2.1182599467147237e-006 0.0
930 -4.3260238348399285e-006 0.0
931 -4.4155277762504095e-006 0.0
932 -2.4464410652198218e-006 0.0
933 5.0718900132606058e-007 0.0
934 3.0132993608195364e-006 0.0
935 3.9680080691980036e-006 0.0
936 3.0431340079563637e-006 0.0
937 7.7570082555750445e-007 0.0
938 -1.7005748867991443e-006 0.0
939 -3.1923072436404992e-006 0.0
940 -3.1028033022300178e-006 0.0
941 -1.6110709453886631e-006 0.0
942 5.0718900132606058e-007 0.0
943 2.2375985352620320e-006 0.0
944 2.8044568308617466e-006 0.0
945 2.0585906524410696e-006 0.0
946 4.1768505991557930e-007 0.0
947 -1.2828898268835650e-006 0.0
948 -2.2375985352620320e-006 0.0
949 -2.1182599467147237e-006 0.0
950 -1.0143780026521212e-006 0.0
951 4.4751970705240643e-007 0.0
952 1.5812362982518360e-006 0.0
953 1.8795827696201069e-006 0.0
954 1.3127244740203921e-006 0.0
955 1.7900788282096255e-007 0.0
956 -9.2487406124163993e-007 0.0
957 -1.4917323568413548e-006 0.0
958 -1.3425591211572192e-006 0.0
959 -5.9669294273654190e-007 0.0
960 3.5801576564192510e-007 0.0
961 1.0442126497889482e-006 0.0
962 1.1635512383362567e-006 0.0
963 7.7570082555750445e-007 0.0
964 5.9669294273654188e-008 0.0
965 -5.9669294273654190e-007 0.0
966 -8.9503941410481285e-007 0.0
967 -7.7570082555750445e-007 0.0
968 -2.9834647136827095e-007 0.0
969 2.3867717709461675e-007 0.0
970 5.9669294273654190e-007 0.0
971 6.5636223701019605e-007 0.0
972 4.1768505991557930e-007 0.0
973 0.0000000000000000e+000 0.0
974 -3.2818111850509803e-007 0.0
975 -4.7735435418923350e-007 0.0
976 -3.8785041277875223e-007 0.0
977 -1.4917323568413548e-007 0.0
978 1.1933858854730838e-007 0.0
979 2.9834647136827095e-007 0.0
980 2.9834647136827095e-007 0.0
981 1.7900788282096255e-007 0.0
982 0.0000000000000000e+000 0.0
983 -1.4917323568413548e-007 0.0
984 -1.7900788282096255e-007 0.0
985 -1.4917323568413548e-007 0.0
986 -2.9834647136827094e-008 0.0
987 5.9669294273654188e-008 0.0
988 8.9503941410481275e-008 0.0
989 8.9503941410481275e-008 0.0
990 2.9834647136827094e-008 0.0
991 0.0000000000000000e+000 0.0
992 -2.9834647136827094e-008 0.0
993 -2.9834647136827094e-008 0.0
994 -2.9834647136827094e-008 0.0
995 0.0000000000000000e+000 0.0
996 0.0000000000000000e+000 0.0
997 0.0000000000000000e+000 0.0
998 0.0000000000000000e+000 0.0
