  1  0.000010E+00  0.000000E+00
  2  0.000016E+00  0.000000E+00
  3  0.000021E+00  0.000000E+00
  4  0.000017E+00  0.000000E+00
  5 -0.000005E+00  0.000000E+00
  6 -0.000056E+00  0.000000E+00
  7 -0.000139E+00  0.000000E+00
  8 -0.000252E+00  0.000000E+00
  9 -0.000379E+00  0.000000E+00
 10 -0.000490E+00  0.000000E+00
 11 -0.000544E+00  0.000000E+00
 12 -0.000495E+00  0.000000E+00
 13 -0.000305E+00  0.000000E+00
 14  0.000040E+00  0.000000E+00
 15  0.000519E+00  0.000000E+00
 16  0.001065E+00  0.000000E+00
 17  0.001565E+00  0.000000E+00
 18  0.001878E+00  0.000000E+00
 19  0.001857E+00  0.000000E+00
 20  0.001393E+00  0.000000E+00
 21  0.000452E+00  0.000000E+00
 22 -0.000890E+00  0.000000E+00
 23 -0.002438E+00  0.000000E+00
 24 -0.003883E+00  0.000000E+00
 25 -0.004852E+00  0.000000E+00
 26 -0.004982E+00  0.000000E+00
 27 -0.004009E+00  0.000000E+00
 28 -0.001863E+00  0.000000E+00
 29  0.001271E+00  0.000000E+00
 30  0.004926E+00  0.000000E+00
 31  0.008398E+00  0.000000E+00
 32  0.010845E+00  0.000000E+00
 33  0.011454E+00  0.000000E+00
 34  0.009627E+00  0.000000E+00
 35  0.005165E+00  0.000000E+00
 36 -0.001592E+00  0.000000E+00
 37 -0.009721E+00  0.000000E+00
 38 -0.017771E+00  0.000000E+00
 39 -0.023945E+00  0.000000E+00
 40 -0.026371E+00  0.000000E+00
 41 -0.023432E+00  0.000000E+00
 42 -0.014101E+00  0.000000E+00
 43  0.001803E+00  0.000000E+00
 44  0.023472E+00  0.000000E+00
 45  0.049122E+00  0.000000E+00
 46  0.076191E+00  0.000000E+00
 47  0.101670E+00  0.000000E+00
 48  0.122538E+00  0.000000E+00
 49  0.136218E+00  0.000000E+00
 50  0.140981E+00  0.000000E+00
 51  0.136218E+00  0.000000E+00
 52  0.122538E+00  0.000000E+00
 53  0.101670E+00  0.000000E+00
 54  0.076191E+00  0.000000E+00
 55  0.049122E+00  0.000000E+00
 56  0.023472E+00  0.000000E+00
 57  0.001803E+00  0.000000E+00
 58 -0.014101E+00  0.000000E+00
 59 -0.023432E+00  0.000000E+00
 60 -0.026371E+00  0.000000E+00
 61 -0.023945E+00  0.000000E+00
 62 -0.017771E+00  0.000000E+00
 63 -0.009721E+00  0.000000E+00
 64 -0.001592E+00  0.000000E+00
 65  0.005165E+00  0.000000E+00
 66  0.009627E+00  0.000000E+00
 67  0.011454E+00  0.000000E+00
 68  0.010845E+00  0.000000E+00
 69  0.008398E+00  0.000000E+00
 70  0.004926E+00  0.000000E+00
 71  0.001271E+00  0.000000E+00
 72 -0.001863E+00  0.000000E+00
 73 -0.004009E+00  0.000000E+00
 74 -0.004982E+00  0.000000E+00
 75 -0.004852E+00  0.000000E+00
 76 -0.003883E+00  0.000000E+00
 77 -0.002438E+00  0.000000E+00
 78 -0.000890E+00  0.000000E+00
 79  0.000452E+00  0.000000E+00
 80  0.001393E+00  0.000000E+00
 81  0.001857E+00  0.000000E+00
 82  0.001878E+00  0.000000E+00
 83  0.001565E+00  0.000000E+00
 84  0.001065E+00  0.000000E+00
 85  0.000519E+00  0.000000E+00
 86  0.000040E+00  0.000000E+00
 87 -0.000305E+00  0.000000E+00
 88 -0.000495E+00  0.000000E+00
 89 -0.000544E+00  0.000000E+00
 90 -0.000490E+00  0.000000E+00
 91 -0.000379E+00  0.000000E+00
 92 -0.000252E+00  0.000000E+00
 93 -0.000139E+00  0.000000E+00
 94 -0.000056E+00  0.000000E+00
 95 -0.000005E+00  0.000000E+00
 96  0.000017E+00  0.000000E+00
 97  0.000021E+00  0.000000E+00
 98  0.000016E+00  0.000000E+00
 99  0.000010E+00  0.000000E+00
