  1 -0.000015E+00  0.000000E+00
  2 -0.000035E+00  0.000000E+00
  3 -0.000064E+00  0.000000E+00
  4 -0.000090E+00  0.000000E+00
  5 -0.000100E+00  0.000000E+00
  6 -0.000079E+00  0.000000E+00
  7 -0.000022E+00  0.000000E+00
  8  0.000062E+00  0.000000E+00
  9  0.000148E+00  0.000000E+00
 10  0.000202E+00  0.000000E+00
 11  0.000192E+00  0.000000E+00
 12  0.000111E+00  0.000000E+00
 13 -0.000021E+00  0.000000E+00
 14 -0.000154E+00  0.000000E+00
 15 -0.000224E+00  0.000000E+00
 16 -0.000185E+00  0.000000E+00
 17 -0.000035E+00  0.000000E+00
 18  0.000175E+00  0.000000E+00
 19  0.000355E+00  0.000000E+00
 20  0.000409E+00  0.000000E+00
 21  0.000284E+00  0.000000E+00
 22  0.000007E+00  0.000000E+00
 23 -0.000317E+00  0.000000E+00
 24 -0.000538E+00  0.000000E+00
 25 -0.000529E+00  0.000000E+00
 26 -0.000254E+00  0.000000E+00
 27  0.000200E+00  0.000000E+00
 28  0.000638E+00  0.000000E+00
 29  0.000844E+00  0.000000E+00
 30  0.000676E+00  0.000000E+00
 31  0.000157E+00  0.000000E+00
 32 -0.000518E+00  0.000000E+00
 33 -0.001041E+00  0.000000E+00
 34 -0.001132E+00  0.000000E+00
 35 -0.000682E+00  0.000000E+00
 36  0.000171E+00  0.000000E+00
 37  0.001067E+00  0.000000E+00
 38  0.001575E+00  0.000000E+00
 39  0.001389E+00  0.000000E+00
 40  0.000502E+00  0.000000E+00
 41 -0.000749E+00  0.000000E+00
 42 -0.001804E+00  0.000000E+00
 43 -0.002120E+00  0.000000E+00
 44 -0.001443E+00  0.000000E+00
 45  0.000028E+00  0.000000E+00
 46  0.001676E+00  0.000000E+00
 47  0.002720E+00  0.000000E+00
 48  0.002573E+00  0.000000E+00
 49  0.001156E+00  0.000000E+00
 50 -0.001000E+00  0.000000E+00
 51 -0.002933E+00  0.000000E+00
 52 -0.003673E+00  0.000000E+00
 53 -0.002714E+00  0.000000E+00
 54 -0.000318E+00  0.000000E+00
 55  0.002520E+00  0.000000E+00
 56  0.004469E+00  0.000000E+00
 57  0.004473E+00  0.000000E+00
 58  0.002299E+00  0.000000E+00
 59 -0.001249E+00  0.000000E+00
 60 -0.004603E+00  0.000000E+00
 61 -0.006107E+00  0.000000E+00
 62 -0.004810E+00  0.000000E+00
 63 -0.001016E+00  0.000000E+00
 64  0.003719E+00  0.000000E+00
 65  0.007196E+00  0.000000E+00
 66  0.007572E+00  0.000000E+00
 67  0.004295E+00  0.000000E+00
 68 -0.001474E+00  0.000000E+00
 69 -0.007221E+00  0.000000E+00
 70 -0.010137E+00  0.000000E+00
 71 -0.008448E+00  0.000000E+00
 72 -0.002401E+00  0.000000E+00
 73  0.005602E+00  0.000000E+00
 74  0.011901E+00  0.000000E+00
 75  0.013184E+00  0.000000E+00
 76  0.008137E+00  0.000000E+00
 77 -0.001654E+00  0.000000E+00
 78 -0.012068E+00  0.000000E+00
 79 -0.018077E+00  0.000000E+00
 80 -0.016029E+00  0.000000E+00
 81 -0.005610E+00  0.000000E+00
 82  0.009481E+00  0.000000E+00
 83  0.022629E+00  0.000000E+00
 84  0.026924E+00  0.000000E+00
 85  0.018355E+00  0.000000E+00
 86 -0.001771E+00  0.000000E+00
 87 -0.026330E+00  0.000000E+00
 88 -0.044275E+00  0.000000E+00
 89 -0.044430E+00  0.000000E+00
 90 -0.019880E+00  0.000000E+00
 91  0.028748E+00  0.000000E+00
 92  0.092481E+00  0.000000E+00
 93  0.156188E+00  0.000000E+00
 94  0.203142E+00  0.000000E+00
 95  0.220411E+00  0.000000E+00
 96  0.203142E+00  0.000000E+00
 97  0.156188E+00  0.000000E+00
 98  0.092481E+00  0.000000E+00
 99  0.028748E+00  0.000000E+00
100 -0.019880E+00  0.000000E+00
101 -0.044430E+00  0.000000E+00
102 -0.044275E+00  0.000000E+00
103 -0.026330E+00  0.000000E+00
104 -0.001771E+00  0.000000E+00
105  0.018355E+00  0.000000E+00
106  0.026924E+00  0.000000E+00
107  0.022629E+00  0.000000E+00
108  0.009481E+00  0.000000E+00
109 -0.005610E+00  0.000000E+00
110 -0.016029E+00  0.000000E+00
111 -0.018077E+00  0.000000E+00
112 -0.012068E+00  0.000000E+00
113 -0.001654E+00  0.000000E+00
114  0.008137E+00  0.000000E+00
115  0.013184E+00  0.000000E+00
116  0.011901E+00  0.000000E+00
117  0.005602E+00  0.000000E+00
118 -0.002401E+00  0.000000E+00
119 -0.008448E+00  0.000000E+00
120 -0.010137E+00  0.000000E+00
121 -0.007221E+00  0.000000E+00
122 -0.001474E+00  0.000000E+00
123  0.004295E+00  0.000000E+00
124  0.007572E+00  0.000000E+00
125  0.007196E+00  0.000000E+00
126  0.003719E+00  0.000000E+00
127 -0.001016E+00  0.000000E+00
128 -0.004810E+00  0.000000E+00
129 -0.006107E+00  0.000000E+00
130 -0.004603E+00  0.000000E+00
131 -0.001249E+00  0.000000E+00
132  0.002299E+00  0.000000E+00
133  0.004473E+00  0.000000E+00
134  0.004469E+00  0.000000E+00
135  0.002520E+00  0.000000E+00
136 -0.000318E+00  0.000000E+00
137 -0.002714E+00  0.000000E+00
138 -0.003673E+00  0.000000E+00
139 -0.002933E+00  0.000000E+00
140 -0.001000E+00  0.000000E+00
141  0.001156E+00  0.000000E+00
142  0.002573E+00  0.000000E+00
143  0.002720E+00  0.000000E+00
144  0.001676E+00  0.000000E+00
145  0.000028E+00  0.000000E+00
146 -0.001443E+00  0.000000E+00
147 -0.002120E+00  0.000000E+00
148 -0.001804E+00  0.000000E+00
149 -0.000749E+00  0.000000E+00
150  0.000502E+00  0.000000E+00
151  0.001389E+00  0.000000E+00
152  0.001575E+00  0.000000E+00
153  0.001067E+00  0.000000E+00
154  0.000171E+00  0.000000E+00
155 -0.000682E+00  0.000000E+00
156 -0.001132E+00  0.000000E+00
157 -0.001041E+00  0.000000E+00
158 -0.000518E+00  0.000000E+00
159  0.000157E+00  0.000000E+00
160  0.000676E+00  0.000000E+00
161  0.000844E+00  0.000000E+00
162  0.000638E+00  0.000000E+00
163  0.000200E+00  0.000000E+00
164 -0.000254E+00  0.000000E+00
165 -0.000529E+00  0.000000E+00
166 -0.000538E+00  0.000000E+00
167 -0.000317E+00  0.000000E+00
168  0.000007E+00  0.000000E+00
169  0.000284E+00  0.000000E+00
170  0.000409E+00  0.000000E+00
171  0.000355E+00  0.000000E+00
172  0.000175E+00  0.000000E+00
173 -0.000035E+00  0.000000E+00
174 -0.000185E+00  0.000000E+00
175 -0.000224E+00  0.000000E+00
176 -0.000154E+00  0.000000E+00
177 -0.000021E+00  0.000000E+00
178  0.000111E+00  0.000000E+00
179  0.000192E+00  0.000000E+00
180  0.000202E+00  0.000000E+00
181  0.000148E+00  0.000000E+00
182  0.000062E+00  0.000000E+00
183 -0.000022E+00  0.000000E+00
184 -0.000079E+00  0.000000E+00
185 -0.000100E+00  0.000000E+00
186 -0.000090E+00  0.000000E+00
187 -0.000064E+00  0.000000E+00
188 -0.000035E+00  0.000000E+00
189 -0.000015E+00  0.000000E+00
