  1 -0.000047E+00  0.000000E+00
  2 -0.000186E+00  0.000000E+00
  3 -0.000292E+00  0.000000E+00
  4 -0.000145E+00  0.000000E+00
  5  0.000212E+00  0.000000E+00
  6  0.000310E+00  0.000000E+00
  7 -0.000124E+00  0.000000E+00
  8 -0.000523E+00  0.000000E+00
  9 -0.000114E+00  0.000000E+00
 10  0.000692E+00  0.000000E+00
 11  0.000534E+00  0.000000E+00
 12 -0.000695E+00  0.000000E+00
 13 -0.001099E+00  0.000000E+00
 14  0.000406E+00  0.000000E+00
 15  0.001697E+00  0.000000E+00
 16  0.000273E+00  0.000000E+00
 17 -0.002138E+00  0.000000E+00
 18 -0.001364E+00  0.000000E+00
 19  0.002179E+00  0.000000E+00
 20  0.002775E+00  0.000000E+00
 21 -0.001567E+00  0.000000E+00
 22 -0.004275E+00  0.000000E+00
 23  0.000108E+00  0.000000E+00
 24  0.005490E+00  0.000000E+00
 25  0.002261E+00  0.000000E+00
 26 -0.005945E+00  0.000000E+00
 27 -0.005405E+00  0.000000E+00
 28  0.005131E+00  0.000000E+00
 29  0.008947E+00  0.000000E+00
 30 -0.002599E+00  0.000000E+00
 31 -0.012254E+00  0.000000E+00
 32 -0.001937E+00  0.000000E+00
 33  0.014465E+00  0.000000E+00
 34  0.008512E+00  0.000000E+00
 35 -0.014547E+00  0.000000E+00
 36 -0.016850E+00  0.000000E+00
 37  0.011329E+00  0.000000E+00
 38  0.026360E+00  0.000000E+00
 39 -0.003443E+00  0.000000E+00
 40 -0.036191E+00  0.000000E+00
 41 -0.011093E+00  0.000000E+00
 42  0.045337E+00  0.000000E+00
 43  0.036607E+00  0.000000E+00
 44 -0.052776E+00  0.000000E+00
 45 -0.088792E+00  0.000000E+00
 46  0.057636E+00  0.000000E+00
 47  0.312351E+00  0.000000E+00
 48  0.440675E+00  0.000000E+00
 49  0.312351E+00  0.000000E+00
 50  0.057636E+00  0.000000E+00
 51 -0.088792E+00  0.000000E+00
 52 -0.052776E+00  0.000000E+00
 53  0.036607E+00  0.000000E+00
 54  0.045337E+00  0.000000E+00
 55 -0.011093E+00  0.000000E+00
 56 -0.036191E+00  0.000000E+00
 57 -0.003443E+00  0.000000E+00
 58  0.026360E+00  0.000000E+00
 59  0.011329E+00  0.000000E+00
 60 -0.016850E+00  0.000000E+00
 61 -0.014547E+00  0.000000E+00
 62  0.008512E+00  0.000000E+00
 63  0.014465E+00  0.000000E+00
 64 -0.001937E+00  0.000000E+00
 65 -0.012254E+00  0.000000E+00
 66 -0.002599E+00  0.000000E+00
 67  0.008947E+00  0.000000E+00
 68  0.005131E+00  0.000000E+00
 69 -0.005405E+00  0.000000E+00
 70 -0.005945E+00  0.000000E+00
 71  0.002261E+00  0.000000E+00
 72  0.005490E+00  0.000000E+00
 73  0.000108E+00  0.000000E+00
 74 -0.004275E+00  0.000000E+00
 75 -0.001567E+00  0.000000E+00
 76  0.002775E+00  0.000000E+00
 77  0.002179E+00  0.000000E+00
 78 -0.001364E+00  0.000000E+00
 79 -0.002138E+00  0.000000E+00
 80  0.000273E+00  0.000000E+00
 81  0.001697E+00  0.000000E+00
 82  0.000406E+00  0.000000E+00
 83 -0.001099E+00  0.000000E+00
 84 -0.000695E+00  0.000000E+00
 85  0.000534E+00  0.000000E+00
 86  0.000692E+00  0.000000E+00
 87 -0.000114E+00  0.000000E+00
 88 -0.000523E+00  0.000000E+00
 89 -0.000124E+00  0.000000E+00
 90  0.000310E+00  0.000000E+00
 91  0.000212E+00  0.000000E+00
 92 -0.000145E+00  0.000000E+00
 93 -0.000292E+00  0.000000E+00
 94 -0.000186E+00  0.000000E+00
 95 -0.000047E+00  0.000000E+00
