1   -2.487704073631181e-010 0.0
2   +4.737439758869627e-009 0.0
3   +1.240318920913107e-008 0.0
4   +2.184229963813306e-009 0.0
5   -2.973504470949853e-008 0.0
6   -2.774098397333487e-008 0.0
7   +4.823500641306028e-008 0.0
8   +9.048519725175742e-008 0.0
9   -4.377201937731960e-008 0.0
10  -2.029250639003875e-007 0.0
11  -2.932509742660224e-008 0.0
12  +3.576771181845490e-007 0.0
13  +2.380755516575443e-007 0.0
14  -5.050541265325251e-007 0.0
15  -6.566606160434081e-007 0.0
16  +5.295136199801142e-007 0.0
17  +1.333026564739420e-006 0.0
18  -2.353908661900860e-007 0.0
19  -2.234558255777740e-006 0.0
20  -6.431886720336236e-007 0.0
21  +3.178847859642279e-006 0.0
22  +2.391893663270882e-006 0.0
23  -3.766425715549474e-006 0.0
24  -5.213130996570269e-006 0.0
25  +3.343878835698979e-006 0.0
26  +9.069842337901537e-006 0.0
27  -1.034202665666667e-006 0.0
28  -1.349476353372010e-005 0.0
29  -4.128203067878262e-006 0.0
30  +1.740813571972671e-005 0.0
31  +1.293246945424367e-005 0.0
32  -1.901116086317058e-005 0.0
33  -2.559820150658931e-005 0.0
34  +1.583846664297833e-005 0.0
35  +4.129854219272497e-005 0.0
36  -5.051361531234260e-006 0.0
37  -5.769433718028819e-005 0.0
38  -1.597343340345311e-005 0.0
39  +7.062319519353707e-005 0.0
40  +4.876211902966221e-005 0.0
41  -7.411825064261423e-005 0.0
42  -9.265601046647684e-005 0.0
43  +6.092805886715002e-005 0.0
44  +1.437041528677315e-004 0.0
45  -2.365713142641937e-005 0.0
46  -1.938176534863781e-004 0.0
47  -4.346068390483575e-005 0.0
48  +2.305286005770023e-004 0.0
49  +1.422997430119745e-004 0.0
50  -2.376966240860235e-004 0.0
51  -2.684195404303642e-004 0.0
52  +1.974200184015998e-004 0.0
53  +4.089861668732694e-004 0.0
54  -9.322642224777145e-005 0.0
55  -5.416667040038034e-004 0.0
56  -8.565059594353358e-005 0.0
57  +6.351458753935074e-004 0.0
58  +3.394235438661822e-004 0.0
59  -6.517938478495219e-004 0.0
60  -6.531622837118695e-004 0.0
61  +5.527339849418497e-004 0.0
62  +9.935334284260212e-004 0.0
63  -3.051329942536734e-004 0.0
64  -1.308020364817281e-003 0.0
65  -1.089866761415155e-004 0.0
66  +1.527642392221839e-003 0.0
67  +6.836461053210791e-004 0.0
68  -1.573807813969138e-003 0.0
69  -1.381190291127471e-003 0.0
70  +1.369316440666299e-003 0.0
71  +2.127841145429655e-003 0.0
72  -8.527391469852445e-004 0.0
73  -2.814325561899974e-003 0.0
74  -5.435980978213282e-006 0.0
75  +3.302926411211769e-003 0.0
76  +1.187235385529431e-003 0.0
77  -3.441492859559195e-003 0.0
78  -2.615018460333554e-003 0.0
79  +3.083861131922053e-003 0.0
80  +4.145541224298037e-003 0.0
81  -2.114932740796397e-003 0.0
82  -5.572668686252893e-003 0.0
83  +4.775431526676058e-004 0.0
84  +6.640170511329856e-003 0.0
85  +1.802537521879636e-003 0.0
86  -7.064640192213203e-003 0.0
87  -4.597380817112646e-003 0.0
88  +6.566940317484810e-003 0.0
89  +7.666904141149428e-003 0.0
90  -4.908950080892368e-003 0.0
91  -1.066028889600873e-002 0.0
92  +1.931063619415937e-003 0.0
93  +1.312888066219805e-002 0.0
94  +2.414871264176499e-003 0.0
95  -1.454757748158677e-002 0.0
96  -8.042475439797359e-003 0.0
97  +1.433728095680021e-002 0.0
98  +1.472206237002311e-002 0.0
99  -1.187358886084607e-002 0.0
100 -2.208894932833420e-002 0.0
101 +6.451059640865893e-003 0.0
102 +2.966939534975369e-002 0.0
103 +2.871718562712786e-003 0.0
104 -3.692218906488918e-002 0.0
105 -1.777634564159653e-002 0.0
106 +4.329151455872206e-002 0.0
107 +4.248360716585619e-002 0.0
108 -4.826484520071661e-002 0.0
109 -9.280869043016983e-002 0.0
110 +5.142858357174776e-002 0.0
111 +3.137773586587529e-001 0.0
112 +4.474858173759422e-001 0.0
