1   +8.469229815375836e-010 0.0
2   +2.274220288025759e-009 0.0
3   +4.538950837882147e-009 0.0
4   +6.873790581886875e-009 0.0
5   +7.109040416947659e-009 0.0
6   +7.627841347268097e-010 0.0
7   -1.983009558282680e-008 0.0
8   -6.609942211224632e-008 0.0
9   -1.531137889126984e-007 0.0
10  -2.982494942275970e-007 0.0
11  -5.181519089662492e-007 0.0
12  -8.236355594832989e-007 0.0
13  -1.212476329485351e-006 0.0
14  -1.660554848844411e-006 0.0
15  -2.112474379324042e-006 0.0
16  -2.473531133129619e-006 0.0
17  -2.605619128003023e-006 0.0
18  -2.330133657562619e-006 0.0
19  -1.440980274917891e-006 0.0
20  +2.698043300278720e-007 0.0
21  +2.972713778558616e-006 0.0
22  +6.748858469608209e-006 0.0
23  +1.152961592827038e-005 0.0
24  +1.703543472209736e-005 0.0
25  +2.272479023143328e-005 0.0
26  +2.776698459480208e-005 0.0
27  +3.105368391399539e-005 0.0
28  +3.126302060212491e-005 0.0
29  +2.698613281584723e-005 0.0
30  +1.691886402482352e-005 0.0
31  +1.111764912365637e-007 0.0
32  -2.374558644778620e-005 0.0
33  -5.402671731357865e-005 0.0
34  -8.892267864716836e-005 0.0
35  -1.252819457239765e-004 0.0
36  -1.586044226011253e-004 0.0
37  -1.832358557248136e-004 0.0
38  -1.927980107782330e-004 0.0
39  -1.808635900860097e-004 0.0
40  -1.418501862256910e-004 0.0
41  -7.206699315303354e-005 0.0
42  +2.919375663577290e-005 0.0
43  +1.586654736525826e-004 0.0
44  +3.083858467014949e-004 0.0
45  +4.654216635228285e-004 0.0
46  +6.121982853786541e-004 0.0
47  +7.275470741759510e-004 0.0
48  +7.885115946319546e-004 0.0
49  +7.728577835233870e-004 0.0
50  +6.621229618182738e-004 0.0
51  +4.449259850407905e-004 0.0
52  +1.201613649467244e-004 0.0
53  -3.003694627769020e-004 0.0
54  -7.903605458595080e-004 0.0
55  -1.308874060360023e-003 0.0
56  -1.802020291776854e-003 0.0
57  -2.206618091924962e-003 0.0
58  -2.455790114635659e-003 0.0
59  -2.486192180752311e-003 0.0
60  -2.246311918537972e-003 0.0
61  -1.705031041178952e-003 0.0
62  -8.594632516121016e-004 0.0
63  +2.590111721915774e-004 0.0
64  +1.581566203839111e-003 0.0
65  +3.002498487966101e-003 0.0
66  +4.384141985044115e-003 0.0
67  +5.566316483085373e-003 0.0
68  +6.380002340389496e-003 0.0
69  +6.664402331430841e-003 0.0
70  +6.286042551189639e-003 0.0
71  +5.158141388519080e-003 0.0
72  +3.258199252425354e-003 0.0
73  +6.416820735977283e-004 0.0
74  -2.550179237628938e-003 0.0
75  -6.090064766937297e-003 0.0
76  -9.672703326103260e-003 0.0
77  -1.293168061123908e-002 0.0
78  -1.546424668939506e-002 0.0
79  -1.686255838709300e-002 0.0
80  -1.674898294478778e-002 0.0
81  -1.481246018868655e-002 0.0
82  -1.084255434379213e-002 0.0
83  -4.757782696764870e-003 0.0
84  +3.374886268966743e-003 0.0
85  +1.333182798532389e-002 0.0
86  +2.473737725852667e-002 0.0
87  +3.708164756536587e-002 0.0
88  +4.975069601283877e-002 0.0
89  +6.206696168821097e-002 0.0
90  +7.333684637153971e-002 0.0
91  +8.290151879402521e-002 0.0
92  +9.018659693370301e-002 0.0
93  +9.474635107447013e-002 0.0
94  +9.629848418816638e-002 0.0
